SUMMARY OF INPUT VALUES USED IN HANFORD RUNS
run #     start time         plume height  duration   volume   grainsize  density    distal
        yyyymmddhh.hh             km          hrs      km3        mm       kg/m3    fraction
    1   06-Feb-1968 20:44:35    022.00      003.00    1.3600    0.0300    2000.0    0.050
    2   26-Nov-1995 08:21:31    022.00      003.00    1.3600    0.0300    2000.0    0.050
    3   22-Apr-2010 09:16:21    022.00      003.00    1.3600    0.0300    2000.0    0.050
    4   19-Oct-1999 17:05:11    022.00      003.00    1.3600    0.0300    2000.0    0.050
    5   18-Aug-1962 23:42:10    022.00      003.00    1.3600    0.0300    2000.0    0.050
    6   03-Oct-1957 11:10:10    022.00      003.00    1.3600    0.0300    2000.0    0.050
    7   28-Mar-2002 08:57:50    022.00      003.00    1.3600    0.0300    2000.0    0.050
    8   03-Apr-2013 02:19:25    022.00      003.00    1.3600    0.0300    2000.0    0.050
    9   23-Jun-2009 02:35:34    022.00      003.00    1.3600    0.0300    2000.0    0.050
   10   20-Nov-2003 04:34:08    022.00      003.00    1.3600    0.0300    2000.0    0.050
   11   26-Jul-2007 19:53:40    022.00      003.00    1.3600    0.0300    2000.0    0.050
   12   12-Jan-1989 13:31:27    022.00      003.00    1.3600    0.0300    2000.0    0.050
   13   08-Jul-2004 10:33:00    022.00      003.00    1.3600    0.0300    2000.0    0.050
   14   06-Oct-1978 10:23:52    022.00      003.00    1.3600    0.0300    2000.0    0.050
   15   21-Nov-2013 16:58:42    022.00      003.00    1.3600    0.0300    2000.0    0.050
   16   21-May-1993 13:12:34    022.00      003.00    1.3600    0.0300    2000.0    0.050
   17   10-Mar-1986 00:01:25    022.00      003.00    1.3600    0.0300    2000.0    0.050
   18   21-Sep-1994 10:48:38    022.00      003.00    1.3600    0.0300    2000.0    0.050
   19   10-Mar-1982 04:24:21    022.00      003.00    1.3600    0.0300    2000.0    0.050
   20   21-Jun-1959 01:58:20    022.00      003.00    1.3600    0.0300    2000.0    0.050
   21   08-Nov-2001 18:08:14    022.00      003.00    1.3600    0.0300    2000.0    0.050
   22   18-May-2002 13:21:03    022.00      003.00    1.3600    0.0300    2000.0    0.050
   23   04-Dec-1991 11:13:43    022.00      003.00    1.3600    0.0300    2000.0    0.050
   24   07-Oct-1990 13:47:21    022.00      003.00    1.3600    0.0300    2000.0    0.050
   25   15-Oct-1973 18:51:56    022.00      003.00    1.3600    0.0300    2000.0    0.050
   26   09-Dec-2007 12:05:19    022.00      003.00    1.3600    0.0300    2000.0    0.050
   27   18-Jul-1965 16:35:15    022.00      003.00    1.3600    0.0300    2000.0    0.050
   28   13-Apr-1964 06:43:31    022.00      003.00    1.3600    0.0300    2000.0    0.050
   29   27-Dec-1998 14:12:15    022.00      003.00    1.3600    0.0300    2000.0    0.050
   30   28-Aug-1958 03:05:14    022.00      003.00    1.3600    0.0300    2000.0    0.050
   31   20-Dec-1985 17:27:24    022.00      003.00    1.3600    0.0300    2000.0    0.050
   32   20-Feb-2008 14:05:15    022.00      003.00    1.3600    0.0300    2000.0    0.050
   33   19-Nov-2007 21:28:57    022.00      003.00    1.3600    0.0300    2000.0    0.050
   34   16-Mar-1991 02:15:22    022.00      003.00    1.3600    0.0300    2000.0    0.050
   35   13-Feb-1958 09:34:27    022.00      003.00    1.3600    0.0300    2000.0    0.050
   36   26-Feb-2003 15:16:17    022.00      003.00    1.3600    0.0300    2000.0    0.050
   37   27-Apr-1953 02:51:31    022.00      003.00    1.3600    0.0300    2000.0    0.050
   38   11-May-2000 16:24:15    022.00      003.00    1.3600    0.0300    2000.0    0.050
   39   27-Jun-2014 17:30:56    022.00      003.00    1.3600    0.0300    2000.0    0.050
   40   20-Apr-1991 13:15:54    022.00      003.00    1.3600    0.0300    2000.0    0.050
   41   03-May-1968 08:25:57    022.00      003.00    1.3600    0.0300    2000.0    0.050
   42   25-Oct-2006 19:12:24    022.00      003.00    1.3600    0.0300    2000.0    0.050
   43   11-Jul-1983 20:16:39    022.00      003.00    1.3600    0.0300    2000.0    0.050
   44   03-Mar-2005 04:49:22    022.00      003.00    1.3600    0.0300    2000.0    0.050
   45   04-May-1978 16:17:55    022.00      003.00    1.3600    0.0300    2000.0    0.050
   46   26-Mar-1957 15:45:46    022.00      003.00    1.3600    0.0300    2000.0    0.050
   47   12-Nov-1951 07:50:13    022.00      003.00    1.3600    0.0300    2000.0    0.050
   48   21-Oct-1993 04:14:43    022.00      003.00    1.3600    0.0300    2000.0    0.050
   49   15-Sep-1968 12:10:30    022.00      003.00    1.3600    0.0300    2000.0    0.050
   50   15-Apr-1981 01:30:27    022.00      003.00    1.3600    0.0300    2000.0    0.050
   51   08-Aug-1980 04:59:59    022.00      003.00    1.3600    0.0300    2000.0    0.050
   52   04-Jul-1986 10:15:48    022.00      003.00    1.3600    0.0300    2000.0    0.050
   53   05-Aug-1952 09:13:05    022.00      003.00    1.3600    0.0300    2000.0    0.050
   54   04-Jul-1954 00:34:33    022.00      003.00    1.3600    0.0300    2000.0    0.050
   55   27-Apr-1980 21:14:57    022.00      003.00    1.3600    0.0300    2000.0    0.050
   56   04-Nov-1982 05:43:05    022.00      003.00    1.3600    0.0300    2000.0    0.050
   57   23-May-1978 18:57:48    022.00      003.00    1.3600    0.0300    2000.0    0.050
   58   27-Jun-2003 18:15:49    022.00      003.00    1.3600    0.0300    2000.0    0.050
   59   01-Nov-1984 10:01:39    022.00      003.00    1.3600    0.0300    2000.0    0.050
   60   10-Jan-2000 21:56:36    022.00      003.00    1.3600    0.0300    2000.0    0.050
   61   30-Nov-1988 03:18:07    022.00      003.00    1.3600    0.0300    2000.0    0.050
   62   19-Oct-1959 19:57:55    022.00      003.00    1.3600    0.0300    2000.0    0.050
   63   07-Oct-2013 15:51:13    022.00      003.00    1.3600    0.0300    2000.0    0.050
   64   13-Jan-1984 18:20:30    022.00      003.00    1.3600    0.0300    2000.0    0.050
   65   07-Mar-1959 23:46:56    022.00      003.00    1.3600    0.0300    2000.0    0.050
   66   27-Mar-1960 16:32:01    022.00      003.00    1.3600    0.0300    2000.0    0.050
   67   20-Dec-1996 15:25:17    022.00      003.00    1.3600    0.0300    2000.0    0.050
   68   27-Jul-1985 15:42:31    022.00      003.00    1.3600    0.0300    2000.0    0.050
   69   09-Apr-1979 23:49:05    022.00      003.00    1.3600    0.0300    2000.0    0.050
   70   08-Jul-1991 21:06:31    022.00      003.00    1.3600    0.0300    2000.0    0.050
   71   16-Jan-2006 11:44:57    022.00      003.00    1.3600    0.0300    2000.0    0.050
   72   01-Oct-1984 08:55:30    022.00      003.00    1.3600    0.0300    2000.0    0.050
   73   11-Jul-1973 13:24:07    022.00      003.00    1.3600    0.0300    2000.0    0.050
   74   23-Dec-1948 19:05:33    022.00      003.00    1.3600    0.0300    2000.0    0.050
   75   01-Oct-1995 19:18:53    022.00      003.00    1.3600    0.0300    2000.0    0.050
   76   04-Jul-1997 16:08:35    022.00      003.00    1.3600    0.0300    2000.0    0.050
   77   26-Apr-1956 02:44:05    022.00      003.00    1.3600    0.0300    2000.0    0.050
   78   20-Jan-1987 03:38:56    022.00      003.00    1.3600    0.0300    2000.0    0.050
   79   28-Jan-1965 05:05:49    022.00      003.00    1.3600    0.0300    2000.0    0.050
   80   28-Aug-2009 00:23:26    022.00      003.00    1.3600    0.0300    2000.0    0.050
   81   16-Mar-1959 17:07:12    022.00      003.00    1.3600    0.0300    2000.0    0.050
   82   11-Jul-1985 23:06:14    022.00      003.00    1.3600    0.0300    2000.0    0.050
   83   06-Nov-1967 05:20:33    022.00      003.00    1.3600    0.0300    2000.0    0.050
   84   15-Nov-1955 00:15:41    022.00      003.00    1.3600    0.0300    2000.0    0.050
   85   08-Mar-1956 05:21:33    022.00      003.00    1.3600    0.0300    2000.0    0.050
   86   03-Oct-1971 21:15:58    022.00      003.00    1.3600    0.0300    2000.0    0.050
   87   04-Apr-1972 15:06:41    022.00      003.00    1.3600    0.0300    2000.0    0.050
   88   14-Nov-1999 15:22:20    022.00      003.00    1.3600    0.0300    2000.0    0.050
   89   05-Sep-1960 13:37:04    022.00      003.00    1.3600    0.0300    2000.0    0.050
   90   06-Oct-1951 12:49:28    022.00      003.00    1.3600    0.0300    2000.0    0.050
   91   23-May-1984 19:32:05    022.00      003.00    1.3600    0.0300    2000.0    0.050
   92   19-Mar-1966 09:58:23    022.00      003.00    1.3600    0.0300    2000.0    0.050
   93   16-Sep-1996 03:54:15    022.00      003.00    1.3600    0.0300    2000.0    0.050
   94   13-May-1995 15:01:16    022.00      003.00    1.3600    0.0300    2000.0    0.050
   95   14-Jul-1950 07:38:17    022.00      003.00    1.3600    0.0300    2000.0    0.050
   96   25-Feb-1966 10:43:59    022.00      003.00    1.3600    0.0300    2000.0    0.050
   97   09-Sep-1981 05:43:53    022.00      003.00    1.3600    0.0300    2000.0    0.050
   98   06-Mar-1971 22:54:20    022.00      003.00    1.3600    0.0300    2000.0    0.050
   99   20-Oct-2001 17:23:41    022.00      003.00    1.3600    0.0300    2000.0    0.050
  100   18-May-1948 22:23:19    022.00      003.00    1.3600    0.0300    2000.0    0.050
  101   26-Nov-1949 19:53:17    022.00      003.00    1.3600    0.0300    2000.0    0.050
  102   27-Jul-1962 16:34:08    022.00      003.00    1.3600    0.0300    2000.0    0.050
  103   25-Feb-1991 14:54:34    022.00      003.00    1.3600    0.0300    2000.0    0.050
  104   05-Oct-1994 03:55:01    022.00      003.00    1.3600    0.0300    2000.0    0.050
  105   03-Jan-1955 03:28:03    022.00      003.00    1.3600    0.0300    2000.0    0.050
  106   03-Oct-1959 01:08:59    022.00      003.00    1.3600    0.0300    2000.0    0.050
  107   26-Jul-2002 03:01:31    022.00      003.00    1.3600    0.0300    2000.0    0.050
  108   08-Feb-1964 18:49:55    022.00      003.00    1.3600    0.0300    2000.0    0.050
  109   14-Feb-2012 17:28:10    022.00      003.00    1.3600    0.0300    2000.0    0.050
  110   20-Oct-1967 19:37:10    022.00      003.00    1.3600    0.0300    2000.0    0.050
  111   14-Jan-2009 04:06:55    022.00      003.00    1.3600    0.0300    2000.0    0.050
  112   04-Nov-1972 05:20:23    022.00      003.00    1.3600    0.0300    2000.0    0.050
  113   19-Feb-1981 13:32:13    022.00      003.00    1.3600    0.0300    2000.0    0.050
  114   09-May-1998 12:39:41    022.00      003.00    1.3600    0.0300    2000.0    0.050
  115   17-Apr-1961 23:43:19    022.00      003.00    1.3600    0.0300    2000.0    0.050
  116   09-Jun-1968 12:45:23    022.00      003.00    1.3600    0.0300    2000.0    0.050
  117   16-Sep-1965 05:25:02    022.00      003.00    1.3600    0.0300    2000.0    0.050
  118   23-Feb-1964 13:49:43    022.00      003.00    1.3600    0.0300    2000.0    0.050
  119   18-Jun-1990 10:31:22    022.00      003.00    1.3600    0.0300    2000.0    0.050
  120   27-Jan-1966 19:40:40    022.00      003.00    1.3600    0.0300    2000.0    0.050
  121   24-Jul-1964 16:46:34    022.00      003.00    1.3600    0.0300    2000.0    0.050
  122   14-Aug-1954 13:10:27    022.00      003.00    1.3600    0.0300    2000.0    0.050
  123   02-Dec-1975 03:07:15    022.00      003.00    1.3600    0.0300    2000.0    0.050
  124   01-Nov-1965 11:07:00    022.00      003.00    1.3600    0.0300    2000.0    0.050
  125   19-Oct-1966 14:00:24    022.00      003.00    1.3600    0.0300    2000.0    0.050
  126   10-Sep-1993 09:50:42    022.00      003.00    1.3600    0.0300    2000.0    0.050
  127   10-Aug-1963 10:33:46    022.00      003.00    1.3600    0.0300    2000.0    0.050
  128   15-Apr-1978 13:20:30    022.00      003.00    1.3600    0.0300    2000.0    0.050
  129   15-Sep-2012 15:37:03    022.00      003.00    1.3600    0.0300    2000.0    0.050
  130   07-Jun-1957 15:17:50    022.00      003.00    1.3600    0.0300    2000.0    0.050
  131   17-Jun-2009 21:37:01    022.00      003.00    1.3600    0.0300    2000.0    0.050
  132   28-Sep-1965 04:42:31    022.00      003.00    1.3600    0.0300    2000.0    0.050
  133   11-May-1955 05:54:00    022.00      003.00    1.3600    0.0300    2000.0    0.050
  134   12-Jan-1964 02:32:56    022.00      003.00    1.3600    0.0300    2000.0    0.050
  135   08-Aug-2010 16:19:05    022.00      003.00    1.3600    0.0300    2000.0    0.050
  136   02-Oct-1972 23:04:30    022.00      003.00    1.3600    0.0300    2000.0    0.050
  137   06-Jun-2014 02:45:17    022.00      003.00    1.3600    0.0300    2000.0    0.050
  138   04-Nov-1960 12:29:07    022.00      003.00    1.3600    0.0300    2000.0    0.050
  139   22-Jun-1999 15:57:40    022.00      003.00    1.3600    0.0300    2000.0    0.050
  140   20-Sep-1956 02:15:09    022.00      003.00    1.3600    0.0300    2000.0    0.050
  141   24-Jul-2002 02:23:27    022.00      003.00    1.3600    0.0300    2000.0    0.050
  142   20-Nov-1975 21:35:51    022.00      003.00    1.3600    0.0300    2000.0    0.050
  143   20-Feb-2011 23:48:03    022.00      003.00    1.3600    0.0300    2000.0    0.050
  144   16-Sep-1964 07:20:00    022.00      003.00    1.3600    0.0300    2000.0    0.050
  145   11-Oct-1981 17:04:32    022.00      003.00    1.3600    0.0300    2000.0    0.050
  146   22-Dec-1961 04:05:08    022.00      003.00    1.3600    0.0300    2000.0    0.050
  147   11-Apr-1958 04:07:42    022.00      003.00    1.3600    0.0300    2000.0    0.050
  148   19-Jul-2010 04:06:54    022.00      003.00    1.3600    0.0300    2000.0    0.050
  149   14-Aug-2004 23:41:46    022.00      003.00    1.3600    0.0300    2000.0    0.050
  150   08-Nov-1975 10:25:11    022.00      003.00    1.3600    0.0300    2000.0    0.050
  151   07-Feb-2012 07:37:03    022.00      003.00    1.3600    0.0300    2000.0    0.050
  152   07-Dec-2007 12:26:56    022.00      003.00    1.3600    0.0300    2000.0    0.050
  153   11-Feb-1996 00:59:14    022.00      003.00    1.3600    0.0300    2000.0    0.050
  154   24-Jul-1980 15:19:55    022.00      003.00    1.3600    0.0300    2000.0    0.050
  155   17-Oct-1976 05:21:49    022.00      003.00    1.3600    0.0300    2000.0    0.050
  156   04-Feb-2003 18:23:13    022.00      003.00    1.3600    0.0300    2000.0    0.050
  157   11-Mar-1976 11:37:52    022.00      003.00    1.3600    0.0300    2000.0    0.050
  158   27-Mar-1965 19:13:48    022.00      003.00    1.3600    0.0300    2000.0    0.050
  159   25-Jan-1971 16:17:23    022.00      003.00    1.3600    0.0300    2000.0    0.050
  160   23-Feb-2004 03:22:46    022.00      003.00    1.3600    0.0300    2000.0    0.050
  161   13-Apr-1948 21:28:16    022.00      003.00    1.3600    0.0300    2000.0    0.050
  162   02-Nov-1967 05:38:07    022.00      003.00    1.3600    0.0300    2000.0    0.050
  163   18-Apr-2001 10:02:25    022.00      003.00    1.3600    0.0300    2000.0    0.050
  164   29-May-1958 04:03:15    022.00      003.00    1.3600    0.0300    2000.0    0.050
  165   21-Sep-1960 20:28:46    022.00      003.00    1.3600    0.0300    2000.0    0.050
  166   17-Dec-1972 23:36:05    022.00      003.00    1.3600    0.0300    2000.0    0.050
  167   29-Dec-1948 14:04:03    022.00      003.00    1.3600    0.0300    2000.0    0.050
  168   23-Aug-1964 10:07:38    022.00      003.00    1.3600    0.0300    2000.0    0.050
  169   03-Dec-2001 22:02:49    022.00      003.00    1.3600    0.0300    2000.0    0.050
  170   10-Feb-1970 16:11:50    022.00      003.00    1.3600    0.0300    2000.0    0.050
  171   08-May-1983 00:12:28    022.00      003.00    1.3600    0.0300    2000.0    0.050
  172   06-May-1999 23:43:09    022.00      003.00    1.3600    0.0300    2000.0    0.050
  173   17-Dec-1950 12:29:16    022.00      003.00    1.3600    0.0300    2000.0    0.050
  174   25-Aug-1982 03:08:26    022.00      003.00    1.3600    0.0300    2000.0    0.050
  175   03-Apr-1974 10:19:48    022.00      003.00    1.3600    0.0300    2000.0    0.050
  176   23-Apr-2003 16:23:09    022.00      003.00    1.3600    0.0300    2000.0    0.050
  177   17-Oct-2002 13:52:36    022.00      003.00    1.3600    0.0300    2000.0    0.050
  178   21-Apr-2009 07:01:02    022.00      003.00    1.3600    0.0300    2000.0    0.050
  179   01-Apr-1990 14:00:03    022.00      003.00    1.3600    0.0300    2000.0    0.050
  180   06-Jun-1948 15:26:20    022.00      003.00    1.3600    0.0300    2000.0    0.050
  181   28-Nov-1960 08:54:45    022.00      003.00    1.3600    0.0300    2000.0    0.050
  182   04-Nov-1984 05:14:38    022.00      003.00    1.3600    0.0300    2000.0    0.050
  183   03-Apr-1997 04:25:31    022.00      003.00    1.3600    0.0300    2000.0    0.050
  184   14-Aug-1981 05:42:03    022.00      003.00    1.3600    0.0300    2000.0    0.050
  185   17-Dec-2011 18:42:15    022.00      003.00    1.3600    0.0300    2000.0    0.050
  186   21-May-1993 16:17:25    022.00      003.00    1.3600    0.0300    2000.0    0.050
  187   05-Oct-1960 21:25:14    022.00      003.00    1.3600    0.0300    2000.0    0.050
  188   03-Jan-1955 22:57:15    022.00      003.00    1.3600    0.0300    2000.0    0.050
  189   29-Apr-2003 21:09:56    022.00      003.00    1.3600    0.0300    2000.0    0.050
  190   24-Jun-2014 17:10:58    022.00      003.00    1.3600    0.0300    2000.0    0.050
  191   14-May-1969 01:32:56    022.00      003.00    1.3600    0.0300    2000.0    0.050
  192   09-Jan-1985 17:55:28    022.00      003.00    1.3600    0.0300    2000.0    0.050
  193   20-Mar-1981 09:35:34    022.00      003.00    1.3600    0.0300    2000.0    0.050
  194   21-Jun-2004 13:35:52    022.00      003.00    1.3600    0.0300    2000.0    0.050
  195   11-Feb-1976 13:30:00    022.00      003.00    1.3600    0.0300    2000.0    0.050
  196   12-Nov-2014 16:12:22    022.00      003.00    1.3600    0.0300    2000.0    0.050
  197   12-Oct-1977 16:54:45    022.00      003.00    1.3600    0.0300    2000.0    0.050
  198   04-Jan-2009 16:43:33    022.00      003.00    1.3600    0.0300    2000.0    0.050
  199   04-Aug-2014 01:32:03    022.00      003.00    1.3600    0.0300    2000.0    0.050
  200   08-Sep-1980 07:40:11    022.00      003.00    1.3600    0.0300    2000.0    0.050
  201   03-Jul-1952 10:05:58    022.00      003.00    1.3600    0.0300    2000.0    0.050
  202   16-Feb-1964 16:20:02    022.00      003.00    1.3600    0.0300    2000.0    0.050
  203   27-Jun-2010 07:52:33    022.00      003.00    1.3600    0.0300    2000.0    0.050
  204   08-Feb-1956 12:17:19    022.00      003.00    1.3600    0.0300    2000.0    0.050
  205   01-Dec-1962 03:26:33    022.00      003.00    1.3600    0.0300    2000.0    0.050
  206   14-Aug-2001 04:26:12    022.00      003.00    1.3600    0.0300    2000.0    0.050
  207   02-Aug-1976 16:18:32    022.00      003.00    1.3600    0.0300    2000.0    0.050
  208   08-Mar-1985 06:44:55    022.00      003.00    1.3600    0.0300    2000.0    0.050
  209   25-Jul-1951 08:46:33    022.00      003.00    1.3600    0.0300    2000.0    0.050
  210   23-Jul-2012 15:27:36    022.00      003.00    1.3600    0.0300    2000.0    0.050
  211   18-Dec-2002 10:17:57    022.00      003.00    1.3600    0.0300    2000.0    0.050
  212   23-Aug-2013 02:28:41    022.00      003.00    1.3600    0.0300    2000.0    0.050
  213   10-Jan-2001 23:31:56    022.00      003.00    1.3600    0.0300    2000.0    0.050
  214   17-Jul-1990 09:03:04    022.00      003.00    1.3600    0.0300    2000.0    0.050
  215   27-Apr-1985 15:16:31    022.00      003.00    1.3600    0.0300    2000.0    0.050
  216   14-Sep-2010 02:28:22    022.00      003.00    1.3600    0.0300    2000.0    0.050
  217   23-Jan-2012 02:10:02    022.00      003.00    1.3600    0.0300    2000.0    0.050
  218   20-Mar-1965 19:45:01    022.00      003.00    1.3600    0.0300    2000.0    0.050
  219   20-Aug-1952 02:07:44    022.00      003.00    1.3600    0.0300    2000.0    0.050
  220   17-Aug-2007 13:35:57    022.00      003.00    1.3600    0.0300    2000.0    0.050
  221   31-Jan-1965 22:25:41    022.00      003.00    1.3600    0.0300    2000.0    0.050
  222   07-Apr-2001 04:54:21    022.00      003.00    1.3600    0.0300    2000.0    0.050
  223   01-Mar-1976 13:37:13    022.00      003.00    1.3600    0.0300    2000.0    0.050
  224   22-Oct-1974 05:51:56    022.00      003.00    1.3600    0.0300    2000.0    0.050
  225   27-Feb-1949 03:28:53    022.00      003.00    1.3600    0.0300    2000.0    0.050
  226   19-Dec-1991 08:19:50    022.00      003.00    1.3600    0.0300    2000.0    0.050
  227   22-Apr-1988 02:02:33    022.00      003.00    1.3600    0.0300    2000.0    0.050
  228   05-Jan-1997 18:17:18    022.00      003.00    1.3600    0.0300    2000.0    0.050
  229   18-Jan-1976 09:48:42    022.00      003.00    1.3600    0.0300    2000.0    0.050
  230   14-Apr-2009 15:38:48    022.00      003.00    1.3600    0.0300    2000.0    0.050
  231   10-Oct-1972 11:45:49    022.00      003.00    1.3600    0.0300    2000.0    0.050
  232   28-Oct-1960 12:13:41    022.00      003.00    1.3600    0.0300    2000.0    0.050
  233   26-Jan-1992 15:54:57    022.00      003.00    1.3600    0.0300    2000.0    0.050
  234   06-Feb-1964 22:16:08    022.00      003.00    1.3600    0.0300    2000.0    0.050
  235   07-Apr-2010 05:16:48    022.00      003.00    1.3600    0.0300    2000.0    0.050
  236   25-Nov-1967 14:41:53    022.00      003.00    1.3600    0.0300    2000.0    0.050
  237   02-Dec-1961 01:49:34    022.00      003.00    1.3600    0.0300    2000.0    0.050
  238   19-Mar-1973 02:29:57    022.00      003.00    1.3600    0.0300    2000.0    0.050
  239   05-Dec-1948 19:52:03    022.00      003.00    1.3600    0.0300    2000.0    0.050
  240   10-May-1964 03:57:34    022.00      003.00    1.3600    0.0300    2000.0    0.050
  241   01-May-1980 02:37:15    022.00      003.00    1.3600    0.0300    2000.0    0.050
  242   19-Feb-2007 00:00:26    022.00      003.00    1.3600    0.0300    2000.0    0.050
  243   08-Jan-1965 08:08:07    022.00      003.00    1.3600    0.0300    2000.0    0.050
  244   18-Dec-1980 21:38:14    022.00      003.00    1.3600    0.0300    2000.0    0.050
  245   04-Mar-1976 07:48:13    022.00      003.00    1.3600    0.0300    2000.0    0.050
  246   24-Jul-1955 02:50:06    022.00      003.00    1.3600    0.0300    2000.0    0.050
  247   07-Jul-1958 19:11:32    022.00      003.00    1.3600    0.0300    2000.0    0.050
  248   19-Oct-1964 07:49:05    022.00      003.00    1.3600    0.0300    2000.0    0.050
  249   19-Feb-2011 13:03:29    022.00      003.00    1.3600    0.0300    2000.0    0.050
  250   28-Jul-1998 09:15:49    022.00      003.00    1.3600    0.0300    2000.0    0.050
  251   07-Mar-1962 23:53:00    022.00      003.00    1.3600    0.0300    2000.0    0.050
  252   01-Apr-2014 23:44:18    022.00      003.00    1.3600    0.0300    2000.0    0.050
  253   06-Aug-1984 14:41:44    022.00      003.00    1.3600    0.0300    2000.0    0.050
  254   20-Jun-2012 20:43:09    022.00      003.00    1.3600    0.0300    2000.0    0.050
  255   13-Jul-2003 15:48:05    022.00      003.00    1.3600    0.0300    2000.0    0.050
  256   23-Mar-1967 18:13:36    022.00      003.00    1.3600    0.0300    2000.0    0.050
  257   28-Mar-2003 04:39:50    022.00      003.00    1.3600    0.0300    2000.0    0.050
  258   29-Oct-2010 21:39:36    022.00      003.00    1.3600    0.0300    2000.0    0.050
  259   21-Oct-1998 04:27:11    022.00      003.00    1.3600    0.0300    2000.0    0.050
  260   03-Aug-2006 19:54:48    022.00      003.00    1.3600    0.0300    2000.0    0.050
  261   14-Dec-1976 23:55:10    022.00      003.00    1.3600    0.0300    2000.0    0.050
  262   02-Aug-2010 02:42:45    022.00      003.00    1.3600    0.0300    2000.0    0.050
  263   31-Dec-1951 00:16:28    022.00      003.00    1.3600    0.0300    2000.0    0.050
  264   23-Mar-1997 14:00:42    022.00      003.00    1.3600    0.0300    2000.0    0.050
  265   07-Mar-2009 22:58:49    022.00      003.00    1.3600    0.0300    2000.0    0.050
  266   15-Jul-1994 07:51:22    022.00      003.00    1.3600    0.0300    2000.0    0.050
  267   11-Feb-1966 20:13:21    022.00      003.00    1.3600    0.0300    2000.0    0.050
  268   10-Apr-1964 16:48:18    022.00      003.00    1.3600    0.0300    2000.0    0.050
  269   27-Aug-1998 18:34:19    022.00      003.00    1.3600    0.0300    2000.0    0.050
  270   14-Nov-1976 01:23:25    022.00      003.00    1.3600    0.0300    2000.0    0.050
  271   09-Oct-1955 23:20:53    022.00      003.00    1.3600    0.0300    2000.0    0.050
  272   14-Jun-1951 12:43:33    022.00      003.00    1.3600    0.0300    2000.0    0.050
  273   16-Feb-1958 17:10:51    022.00      003.00    1.3600    0.0300    2000.0    0.050
  274   26-Oct-1972 17:31:34    022.00      003.00    1.3600    0.0300    2000.0    0.050
  275   22-Oct-2009 17:44:57    022.00      003.00    1.3600    0.0300    2000.0    0.050
  276   05-Jul-2013 18:48:53    022.00      003.00    1.3600    0.0300    2000.0    0.050
  277   26-Feb-1988 03:57:04    022.00      003.00    1.3600    0.0300    2000.0    0.050
  278   10-Oct-1986 00:13:24    022.00      003.00    1.3600    0.0300    2000.0    0.050
  279   05-Nov-1963 11:38:34    022.00      003.00    1.3600    0.0300    2000.0    0.050
  280   03-Oct-2007 07:00:01    022.00      003.00    1.3600    0.0300    2000.0    0.050
  281   18-Aug-1993 18:48:55    022.00      003.00    1.3600    0.0300    2000.0    0.050
  282   16-May-1979 14:13:12    022.00      003.00    1.3600    0.0300    2000.0    0.050
  283   30-Jun-1973 15:50:04    022.00      003.00    1.3600    0.0300    2000.0    0.050
  284   08-Aug-1978 23:11:04    022.00      003.00    1.3600    0.0300    2000.0    0.050
  285   06-Sep-1956 21:18:03    022.00      003.00    1.3600    0.0300    2000.0    0.050
  286   18-Mar-2006 07:09:20    022.00      003.00    1.3600    0.0300    2000.0    0.050
  287   20-Feb-1988 04:37:17    022.00      003.00    1.3600    0.0300    2000.0    0.050
  288   15-May-2004 16:21:09    022.00      003.00    1.3600    0.0300    2000.0    0.050
  289   15-Aug-1952 03:25:15    022.00      003.00    1.3600    0.0300    2000.0    0.050
  290   09-Aug-2013 11:40:09    022.00      003.00    1.3600    0.0300    2000.0    0.050
  291   03-May-2014 07:19:37    022.00      003.00    1.3600    0.0300    2000.0    0.050
  292   14-Feb-1980 07:08:12    022.00      003.00    1.3600    0.0300    2000.0    0.050
  293   15-Sep-1972 00:07:40    022.00      003.00    1.3600    0.0300    2000.0    0.050
  294   31-Jul-2005 09:45:13    022.00      003.00    1.3600    0.0300    2000.0    0.050
  295   21-Nov-1992 15:14:18    022.00      003.00    1.3600    0.0300    2000.0    0.050
  296   27-Jun-1974 20:34:11    022.00      003.00    1.3600    0.0300    2000.0    0.050
  297   04-Dec-1966 04:14:09    022.00      003.00    1.3600    0.0300    2000.0    0.050
  298   22-Mar-2010 18:52:57    022.00      003.00    1.3600    0.0300    2000.0    0.050
  299   21-Dec-1985 16:59:14    022.00      003.00    1.3600    0.0300    2000.0    0.050
  300   19-Aug-1994 18:03:22    022.00      003.00    1.3600    0.0300    2000.0    0.050
  301   23-Jul-1969 23:29:20    022.00      003.00    1.3600    0.0300    2000.0    0.050
  302   01-Mar-2003 12:48:55    022.00      003.00    1.3600    0.0300    2000.0    0.050
  303   27-Nov-1948 10:10:25    022.00      003.00    1.3600    0.0300    2000.0    0.050
  304   02-Sep-1983 05:22:38    022.00      003.00    1.3600    0.0300    2000.0    0.050
  305   22-Feb-1989 17:12:50    022.00      003.00    1.3600    0.0300    2000.0    0.050
  306   20-Nov-1970 09:43:58    022.00      003.00    1.3600    0.0300    2000.0    0.050
  307   14-Sep-1968 21:44:52    022.00      003.00    1.3600    0.0300    2000.0    0.050
  308   24-Feb-1983 13:24:54    022.00      003.00    1.3600    0.0300    2000.0    0.050
  309   03-Aug-2002 11:09:21    022.00      003.00    1.3600    0.0300    2000.0    0.050
  310   10-Sep-1995 05:47:55    022.00      003.00    1.3600    0.0300    2000.0    0.050
  311   25-Jan-2004 12:24:37    022.00      003.00    1.3600    0.0300    2000.0    0.050
  312   07-Oct-1958 18:44:24    022.00      003.00    1.3600    0.0300    2000.0    0.050
  313   11-Jan-1962 22:15:24    022.00      003.00    1.3600    0.0300    2000.0    0.050
  314   24-Aug-1963 19:23:41    022.00      003.00    1.3600    0.0300    2000.0    0.050
  315   09-Nov-1994 16:37:42    022.00      003.00    1.3600    0.0300    2000.0    0.050
  316   13-Sep-1995 17:45:02    022.00      003.00    1.3600    0.0300    2000.0    0.050
  317   04-Jan-1949 15:39:31    022.00      003.00    1.3600    0.0300    2000.0    0.050
  318   12-Mar-1982 13:34:46    022.00      003.00    1.3600    0.0300    2000.0    0.050
  319   02-Jun-1971 02:30:22    022.00      003.00    1.3600    0.0300    2000.0    0.050
  320   18-Aug-2003 01:46:04    022.00      003.00    1.3600    0.0300    2000.0    0.050
  321   27-Aug-1998 04:49:04    022.00      003.00    1.3600    0.0300    2000.0    0.050
  322   05-Feb-1975 00:18:49    022.00      003.00    1.3600    0.0300    2000.0    0.050
  323   26-Apr-1991 17:19:08    022.00      003.00    1.3600    0.0300    2000.0    0.050
  324   02-Sep-2014 23:17:23    022.00      003.00    1.3600    0.0300    2000.0    0.050
  325   09-Apr-1975 14:31:01    022.00      003.00    1.3600    0.0300    2000.0    0.050
  326   21-Apr-2014 20:31:39    022.00      003.00    1.3600    0.0300    2000.0    0.050
  327   12-Feb-1997 06:30:44    022.00      003.00    1.3600    0.0300    2000.0    0.050
  328   02-May-1950 16:07:19    022.00      003.00    1.3600    0.0300    2000.0    0.050
  329   26-Jul-1966 11:53:56    022.00      003.00    1.3600    0.0300    2000.0    0.050
  330   24-Feb-1993 09:58:28    022.00      003.00    1.3600    0.0300    2000.0    0.050
  331   14-Feb-2004 21:26:25    022.00      003.00    1.3600    0.0300    2000.0    0.050
  332   27-Jul-1953 10:18:30    022.00      003.00    1.3600    0.0300    2000.0    0.050
  333   24-Dec-1979 10:16:31    022.00      003.00    1.3600    0.0300    2000.0    0.050
  334   20-Dec-1979 03:19:53    022.00      003.00    1.3600    0.0300    2000.0    0.050
  335   06-Oct-1962 04:24:50    022.00      003.00    1.3600    0.0300    2000.0    0.050
  336   05-Oct-1959 21:33:55    022.00      003.00    1.3600    0.0300    2000.0    0.050
  337   15-Sep-2013 00:18:49    022.00      003.00    1.3600    0.0300    2000.0    0.050
  338   04-Mar-1949 20:37:59    022.00      003.00    1.3600    0.0300    2000.0    0.050
  339   18-Sep-1975 16:49:27    022.00      003.00    1.3600    0.0300    2000.0    0.050
  340   25-Jun-1969 17:17:21    022.00      003.00    1.3600    0.0300    2000.0    0.050
  341   07-Feb-2000 15:46:07    022.00      003.00    1.3600    0.0300    2000.0    0.050
  342   21-Mar-2013 06:15:48    022.00      003.00    1.3600    0.0300    2000.0    0.050
  343   02-Mar-2012 15:24:42    022.00      003.00    1.3600    0.0300    2000.0    0.050
  344   29-May-2013 07:33:51    022.00      003.00    1.3600    0.0300    2000.0    0.050
  345   29-Apr-1980 08:13:08    022.00      003.00    1.3600    0.0300    2000.0    0.050
  346   10-Jul-1963 00:23:25    022.00      003.00    1.3600    0.0300    2000.0    0.050
  347   26-Mar-1984 21:58:47    022.00      003.00    1.3600    0.0300    2000.0    0.050
  348   15-Jul-1957 22:45:14    022.00      003.00    1.3600    0.0300    2000.0    0.050
  349   18-Mar-1958 18:08:16    022.00      003.00    1.3600    0.0300    2000.0    0.050
  350   14-Oct-1957 07:57:42    022.00      003.00    1.3600    0.0300    2000.0    0.050
  351   16-May-1987 12:39:22    022.00      003.00    1.3600    0.0300    2000.0    0.050
  352   05-Jan-1960 15:28:51    022.00      003.00    1.3600    0.0300    2000.0    0.050
  353   27-May-1992 17:19:25    022.00      003.00    1.3600    0.0300    2000.0    0.050
  354   26-Oct-1969 12:29:34    022.00      003.00    1.3600    0.0300    2000.0    0.050
  355   31-May-2014 07:48:14    022.00      003.00    1.3600    0.0300    2000.0    0.050
  356   09-Mar-1963 09:33:15    022.00      003.00    1.3600    0.0300    2000.0    0.050
  357   21-Jun-1995 08:38:05    022.00      003.00    1.3600    0.0300    2000.0    0.050
  358   15-Jun-1954 09:21:33    022.00      003.00    1.3600    0.0300    2000.0    0.050
  359   20-Dec-1967 19:30:11    022.00      003.00    1.3600    0.0300    2000.0    0.050
  360   19-Mar-1995 03:46:34    022.00      003.00    1.3600    0.0300    2000.0    0.050
  361   13-Apr-1985 19:11:44    022.00      003.00    1.3600    0.0300    2000.0    0.050
  362   13-Dec-1988 10:48:01    022.00      003.00    1.3600    0.0300    2000.0    0.050
  363   23-May-1957 23:10:32    022.00      003.00    1.3600    0.0300    2000.0    0.050
  364   03-Nov-1993 05:09:50    022.00      003.00    1.3600    0.0300    2000.0    0.050
  365   28-Feb-2000 14:46:23    022.00      003.00    1.3600    0.0300    2000.0    0.050
  366   07-Jan-1982 17:58:26    022.00      003.00    1.3600    0.0300    2000.0    0.050
  367   14-Nov-1987 11:40:29    022.00      003.00    1.3600    0.0300    2000.0    0.050
  368   15-Aug-1977 05:26:11    022.00      003.00    1.3600    0.0300    2000.0    0.050
  369   09-Aug-1992 17:12:34    022.00      003.00    1.3600    0.0300    2000.0    0.050
  370   17-Sep-1965 01:06:40    022.00      003.00    1.3600    0.0300    2000.0    0.050
  371   26-Jan-1964 03:43:16    022.00      003.00    1.3600    0.0300    2000.0    0.050
  372   15-Aug-1989 09:06:09    022.00      003.00    1.3600    0.0300    2000.0    0.050
  373   01-Jan-1990 08:58:31    022.00      003.00    1.3600    0.0300    2000.0    0.050
  374   18-Mar-1989 03:41:18    022.00      003.00    1.3600    0.0300    2000.0    0.050
  375   15-Mar-1985 10:26:36    022.00      003.00    1.3600    0.0300    2000.0    0.050
  376   28-Dec-1962 03:14:18    022.00      003.00    1.3600    0.0300    2000.0    0.050
  377   10-Jun-1991 04:53:28    022.00      003.00    1.3600    0.0300    2000.0    0.050
  378   24-Aug-1967 16:02:11    022.00      003.00    1.3600    0.0300    2000.0    0.050
  379   19-Dec-2005 00:00:36    022.00      003.00    1.3600    0.0300    2000.0    0.050
  380   09-Jun-1963 23:42:01    022.00      003.00    1.3600    0.0300    2000.0    0.050
  381   02-Sep-2005 12:29:46    022.00      003.00    1.3600    0.0300    2000.0    0.050
  382   01-Jun-2001 23:46:31    022.00      003.00    1.3600    0.0300    2000.0    0.050
  383   27-May-1952 22:26:52    022.00      003.00    1.3600    0.0300    2000.0    0.050
  384   27-Jul-1997 09:03:29    022.00      003.00    1.3600    0.0300    2000.0    0.050
  385   26-Nov-1968 22:44:40    022.00      003.00    1.3600    0.0300    2000.0    0.050
  386   07-Sep-1973 15:24:50    022.00      003.00    1.3600    0.0300    2000.0    0.050
  387   12-Dec-1979 23:56:07    022.00      003.00    1.3600    0.0300    2000.0    0.050
  388   23-Mar-1987 16:47:21    022.00      003.00    1.3600    0.0300    2000.0    0.050
  389   12-Jul-1958 21:01:37    022.00      003.00    1.3600    0.0300    2000.0    0.050
  390   03-May-1997 02:06:28    022.00      003.00    1.3600    0.0300    2000.0    0.050
  391   24-Sep-2011 04:04:22    022.00      003.00    1.3600    0.0300    2000.0    0.050
  392   11-Apr-2003 02:37:42    022.00      003.00    1.3600    0.0300    2000.0    0.050
  393   07-Apr-1997 04:24:44    022.00      003.00    1.3600    0.0300    2000.0    0.050
  394   20-Dec-1985 14:18:41    022.00      003.00    1.3600    0.0300    2000.0    0.050
  395   30-Nov-1983 12:05:54    022.00      003.00    1.3600    0.0300    2000.0    0.050
  396   21-Jan-1989 19:21:49    022.00      003.00    1.3600    0.0300    2000.0    0.050
  397   13-Mar-1965 13:01:14    022.00      003.00    1.3600    0.0300    2000.0    0.050
  398   04-Feb-2001 11:02:51    022.00      003.00    1.3600    0.0300    2000.0    0.050
  399   11-Feb-1969 23:10:12    022.00      003.00    1.3600    0.0300    2000.0    0.050
  400   31-Jul-1960 21:05:35    022.00      003.00    1.3600    0.0300    2000.0    0.050
  401   17-May-1998 13:59:41    022.00      003.00    1.3600    0.0300    2000.0    0.050
  402   01-Oct-1950 02:28:50    022.00      003.00    1.3600    0.0300    2000.0    0.050
  403   09-Jan-1984 08:08:28    022.00      003.00    1.3600    0.0300    2000.0    0.050
  404   29-Jan-1980 11:28:18    022.00      003.00    1.3600    0.0300    2000.0    0.050
  405   29-Nov-1980 19:31:36    022.00      003.00    1.3600    0.0300    2000.0    0.050
  406   17-Apr-2008 02:57:12    022.00      003.00    1.3600    0.0300    2000.0    0.050
  407   01-Dec-1980 12:57:36    022.00      003.00    1.3600    0.0300    2000.0    0.050
  408   13-Jun-2006 05:40:32    022.00      003.00    1.3600    0.0300    2000.0    0.050
  409   23-May-1978 15:54:57    022.00      003.00    1.3600    0.0300    2000.0    0.050
  410   15-Oct-2011 22:56:11    022.00      003.00    1.3600    0.0300    2000.0    0.050
  411   21-Feb-1948 18:31:26    022.00      003.00    1.3600    0.0300    2000.0    0.050
  412   28-Sep-1995 00:21:54    022.00      003.00    1.3600    0.0300    2000.0    0.050
  413   10-Jun-1985 16:04:59    022.00      003.00    1.3600    0.0300    2000.0    0.050
  414   30-Dec-1963 23:15:49    022.00      003.00    1.3600    0.0300    2000.0    0.050
  415   05-Jan-1971 00:44:43    022.00      003.00    1.3600    0.0300    2000.0    0.050
  416   06-Apr-1960 12:46:40    022.00      003.00    1.3600    0.0300    2000.0    0.050
  417   29-Apr-1992 02:52:00    022.00      003.00    1.3600    0.0300    2000.0    0.050
  418   10-May-2014 12:31:25    022.00      003.00    1.3600    0.0300    2000.0    0.050
  419   03-Jan-1959 05:25:49    022.00      003.00    1.3600    0.0300    2000.0    0.050
  420   07-Jan-2004 00:34:56    022.00      003.00    1.3600    0.0300    2000.0    0.050
  421   14-Nov-2007 12:38:35    022.00      003.00    1.3600    0.0300    2000.0    0.050
  422   12-Oct-1950 21:54:05    022.00      003.00    1.3600    0.0300    2000.0    0.050
  423   23-Dec-1963 10:43:42    022.00      003.00    1.3600    0.0300    2000.0    0.050
  424   09-Jun-2014 22:41:28    022.00      003.00    1.3600    0.0300    2000.0    0.050
  425   06-Oct-1954 07:02:11    022.00      003.00    1.3600    0.0300    2000.0    0.050
  426   27-Apr-2014 05:26:06    022.00      003.00    1.3600    0.0300    2000.0    0.050
  427   12-Dec-1963 10:16:38    022.00      003.00    1.3600    0.0300    2000.0    0.050
  428   26-Oct-1985 09:33:24    022.00      003.00    1.3600    0.0300    2000.0    0.050
  429   30-Jun-1990 16:30:13    022.00      003.00    1.3600    0.0300    2000.0    0.050
  430   26-Nov-2002 17:04:29    022.00      003.00    1.3600    0.0300    2000.0    0.050
  431   21-May-1952 16:34:50    022.00      003.00    1.3600    0.0300    2000.0    0.050
  432   12-Nov-1979 17:50:05    022.00      003.00    1.3600    0.0300    2000.0    0.050
  433   30-Mar-2002 05:55:49    022.00      003.00    1.3600    0.0300    2000.0    0.050
  434   21-May-1959 17:42:13    022.00      003.00    1.3600    0.0300    2000.0    0.050
  435   04-Feb-1948 06:17:28    022.00      003.00    1.3600    0.0300    2000.0    0.050
  436   15-Mar-1957 22:39:38    022.00      003.00    1.3600    0.0300    2000.0    0.050
  437   27-Jan-1995 19:54:00    022.00      003.00    1.3600    0.0300    2000.0    0.050
  438   22-Apr-1971 04:22:57    022.00      003.00    1.3600    0.0300    2000.0    0.050
  439   26-Oct-1983 01:43:03    022.00      003.00    1.3600    0.0300    2000.0    0.050
  440   11-Oct-2003 09:48:44    022.00      003.00    1.3600    0.0300    2000.0    0.050
  441   23-Jan-1951 22:04:28    022.00      003.00    1.3600    0.0300    2000.0    0.050
  442   25-Oct-1954 19:09:30    022.00      003.00    1.3600    0.0300    2000.0    0.050
  443   28-Feb-2011 18:53:56    022.00      003.00    1.3600    0.0300    2000.0    0.050
  444   22-May-2013 05:13:20    022.00      003.00    1.3600    0.0300    2000.0    0.050
  445   06-May-1974 20:43:45    022.00      003.00    1.3600    0.0300    2000.0    0.050
  446   30-Jul-1977 13:41:20    022.00      003.00    1.3600    0.0300    2000.0    0.050
  447   25-Sep-1959 00:22:14    022.00      003.00    1.3600    0.0300    2000.0    0.050
  448   28-Jun-1989 16:31:04    022.00      003.00    1.3600    0.0300    2000.0    0.050
  449   28-Sep-1969 16:49:01    022.00      003.00    1.3600    0.0300    2000.0    0.050
  450   12-Jun-2004 04:23:54    022.00      003.00    1.3600    0.0300    2000.0    0.050
  451   04-Jul-1960 01:08:45    022.00      003.00    1.3600    0.0300    2000.0    0.050
  452   07-Jan-1958 14:41:02    022.00      003.00    1.3600    0.0300    2000.0    0.050
  453   09-May-1955 02:34:45    022.00      003.00    1.3600    0.0300    2000.0    0.050
  454   20-Apr-2003 01:45:44    022.00      003.00    1.3600    0.0300    2000.0    0.050
  455   20-Oct-1950 07:32:58    022.00      003.00    1.3600    0.0300    2000.0    0.050
  456   15-Dec-1966 03:35:25    022.00      003.00    1.3600    0.0300    2000.0    0.050
  457   28-Aug-1960 07:41:56    022.00      003.00    1.3600    0.0300    2000.0    0.050
  458   02-Jun-2004 04:56:30    022.00      003.00    1.3600    0.0300    2000.0    0.050
  459   28-Jan-1995 20:50:34    022.00      003.00    1.3600    0.0300    2000.0    0.050
  460   10-Sep-1992 20:48:47    022.00      003.00    1.3600    0.0300    2000.0    0.050
  461   18-Aug-2003 18:30:55    022.00      003.00    1.3600    0.0300    2000.0    0.050
  462   08-Sep-1953 23:00:20    022.00      003.00    1.3600    0.0300    2000.0    0.050
  463   05-Mar-2002 08:41:09    022.00      003.00    1.3600    0.0300    2000.0    0.050
  464   14-Sep-1981 12:33:05    022.00      003.00    1.3600    0.0300    2000.0    0.050
  465   03-Jun-2006 01:36:00    022.00      003.00    1.3600    0.0300    2000.0    0.050
  466   18-Oct-1987 14:37:24    022.00      003.00    1.3600    0.0300    2000.0    0.050
  467   25-Nov-2003 06:07:15    022.00      003.00    1.3600    0.0300    2000.0    0.050
  468   14-Sep-2005 23:21:14    022.00      003.00    1.3600    0.0300    2000.0    0.050
  469   08-Aug-2006 04:04:57    022.00      003.00    1.3600    0.0300    2000.0    0.050
  470   19-Sep-1999 18:18:56    022.00      003.00    1.3600    0.0300    2000.0    0.050
  471   10-Sep-2001 02:42:52    022.00      003.00    1.3600    0.0300    2000.0    0.050
  472   22-Aug-1961 23:39:17    022.00      003.00    1.3600    0.0300    2000.0    0.050
  473   22-Apr-1992 22:48:49    022.00      003.00    1.3600    0.0300    2000.0    0.050
  474   09-May-1979 19:57:44    022.00      003.00    1.3600    0.0300    2000.0    0.050
  475   28-Nov-1988 17:32:38    022.00      003.00    1.3600    0.0300    2000.0    0.050
  476   24-Oct-1995 06:13:58    022.00      003.00    1.3600    0.0300    2000.0    0.050
  477   01-Feb-2013 19:19:38    022.00      003.00    1.3600    0.0300    2000.0    0.050
  478   01-May-1958 19:50:15    022.00      003.00    1.3600    0.0300    2000.0    0.050
  479   28-Jan-2008 04:20:53    022.00      003.00    1.3600    0.0300    2000.0    0.050
  480   04-Feb-1988 18:35:18    022.00      003.00    1.3600    0.0300    2000.0    0.050
  481   05-Jan-2013 18:55:28    022.00      003.00    1.3600    0.0300    2000.0    0.050
  482   25-Dec-1985 12:08:10    022.00      003.00    1.3600    0.0300    2000.0    0.050
  483   12-Feb-1971 12:11:09    022.00      003.00    1.3600    0.0300    2000.0    0.050
  484   11-Sep-1983 03:58:15    022.00      003.00    1.3600    0.0300    2000.0    0.050
  485   07-Sep-1995 06:27:58    022.00      003.00    1.3600    0.0300    2000.0    0.050
  486   17-Jul-1968 15:47:49    022.00      003.00    1.3600    0.0300    2000.0    0.050
  487   26-Jul-2009 07:04:30    022.00      003.00    1.3600    0.0300    2000.0    0.050
  488   16-Mar-1954 23:14:26    022.00      003.00    1.3600    0.0300    2000.0    0.050
  489   17-Sep-1968 19:14:22    022.00      003.00    1.3600    0.0300    2000.0    0.050
  490   26-Sep-2010 02:56:58    022.00      003.00    1.3600    0.0300    2000.0    0.050
  491   20-Jun-1992 21:11:28    022.00      003.00    1.3600    0.0300    2000.0    0.050
  492   03-Dec-1980 19:20:58    022.00      003.00    1.3600    0.0300    2000.0    0.050
  493   30-Apr-1968 11:54:37    022.00      003.00    1.3600    0.0300    2000.0    0.050
  494   09-Oct-1988 01:38:22    022.00      003.00    1.3600    0.0300    2000.0    0.050
  495   20-Aug-1981 00:36:03    022.00      003.00    1.3600    0.0300    2000.0    0.050
  496   10-Sep-1992 20:59:40    022.00      003.00    1.3600    0.0300    2000.0    0.050
  497   18-Sep-1986 16:12:03    022.00      003.00    1.3600    0.0300    2000.0    0.050
  498   02-Sep-1955 18:20:11    022.00      003.00    1.3600    0.0300    2000.0    0.050
  499   10-Apr-2001 14:04:43    022.00      003.00    1.3600    0.0300    2000.0    0.050
  500   10-Apr-1957 10:50:01    022.00      003.00    1.3600    0.0300    2000.0    0.050
  501   14-Aug-1997 13:21:55    022.00      003.00    1.3600    0.0300    2000.0    0.050
  502   16-Dec-2014 02:37:51    022.00      003.00    1.3600    0.0300    2000.0    0.050
  503   14-Jul-1993 20:19:54    022.00      003.00    1.3600    0.0300    2000.0    0.050
  504   06-Oct-1991 19:45:21    022.00      003.00    1.3600    0.0300    2000.0    0.050
  505   26-Jan-2006 10:22:31    022.00      003.00    1.3600    0.0300    2000.0    0.050
  506   01-Dec-1965 23:26:35    022.00      003.00    1.3600    0.0300    2000.0    0.050
  507   06-Jun-1982 13:06:24    022.00      003.00    1.3600    0.0300    2000.0    0.050
  508   22-Mar-2002 09:17:28    022.00      003.00    1.3600    0.0300    2000.0    0.050
  509   08-Apr-1966 06:02:35    022.00      003.00    1.3600    0.0300    2000.0    0.050
  510   08-Nov-2008 03:18:02    022.00      003.00    1.3600    0.0300    2000.0    0.050
  511   23-Nov-1994 05:52:01    022.00      003.00    1.3600    0.0300    2000.0    0.050
  512   05-Oct-2004 01:52:24    022.00      003.00    1.3600    0.0300    2000.0    0.050
  513   03-May-2001 07:10:16    022.00      003.00    1.3600    0.0300    2000.0    0.050
  514   18-Sep-2008 10:31:04    022.00      003.00    1.3600    0.0300    2000.0    0.050
  515   25-Dec-1983 15:20:51    022.00      003.00    1.3600    0.0300    2000.0    0.050
  516   05-Oct-1985 04:58:01    022.00      003.00    1.3600    0.0300    2000.0    0.050
  517   05-Oct-1974 09:33:05    022.00      003.00    1.3600    0.0300    2000.0    0.050
  518   07-Dec-1966 23:48:17    022.00      003.00    1.3600    0.0300    2000.0    0.050
  519   27-Dec-1996 01:16:33    022.00      003.00    1.3600    0.0300    2000.0    0.050
  520   01-Jan-1995 07:07:23    022.00      003.00    1.3600    0.0300    2000.0    0.050
  521   05-Oct-1952 00:59:30    022.00      003.00    1.3600    0.0300    2000.0    0.050
  522   02-Nov-1984 03:30:03    022.00      003.00    1.3600    0.0300    2000.0    0.050
  523   19-Feb-1956 05:36:11    022.00      003.00    1.3600    0.0300    2000.0    0.050
  524   28-Dec-1989 13:12:00    022.00      003.00    1.3600    0.0300    2000.0    0.050
  525   14-Sep-1983 20:46:47    022.00      003.00    1.3600    0.0300    2000.0    0.050
  526   25-Apr-1971 07:07:13    022.00      003.00    1.3600    0.0300    2000.0    0.050
  527   18-Sep-2013 06:35:44    022.00      003.00    1.3600    0.0300    2000.0    0.050
  528   23-Dec-1998 18:34:52    022.00      003.00    1.3600    0.0300    2000.0    0.050
  529   31-Dec-1954 19:25:28    022.00      003.00    1.3600    0.0300    2000.0    0.050
  530   08-Feb-1998 16:12:31    022.00      003.00    1.3600    0.0300    2000.0    0.050
  531   26-Nov-1956 18:41:22    022.00      003.00    1.3600    0.0300    2000.0    0.050
  532   29-Nov-1993 15:34:38    022.00      003.00    1.3600    0.0300    2000.0    0.050
  533   21-Jan-1982 03:33:18    022.00      003.00    1.3600    0.0300    2000.0    0.050
  534   14-Sep-1973 19:07:07    022.00      003.00    1.3600    0.0300    2000.0    0.050
  535   01-Oct-1997 12:30:45    022.00      003.00    1.3600    0.0300    2000.0    0.050
  536   16-Jul-2012 12:52:44    022.00      003.00    1.3600    0.0300    2000.0    0.050
  537   25-Jun-2013 12:20:47    022.00      003.00    1.3600    0.0300    2000.0    0.050
  538   06-Jun-1989 03:26:00    022.00      003.00    1.3600    0.0300    2000.0    0.050
  539   14-Feb-1999 22:32:59    022.00      003.00    1.3600    0.0300    2000.0    0.050
  540   15-Jan-1986 01:15:50    022.00      003.00    1.3600    0.0300    2000.0    0.050
  541   18-Jan-1954 13:25:46    022.00      003.00    1.3600    0.0300    2000.0    0.050
  542   13-Apr-1963 09:38:37    022.00      003.00    1.3600    0.0300    2000.0    0.050
  543   10-Mar-1973 15:32:38    022.00      003.00    1.3600    0.0300    2000.0    0.050
  544   30-Sep-1983 19:19:52    022.00      003.00    1.3600    0.0300    2000.0    0.050
  545   21-Feb-1957 17:36:06    022.00      003.00    1.3600    0.0300    2000.0    0.050
  546   04-Jun-2012 18:33:16    022.00      003.00    1.3600    0.0300    2000.0    0.050
  547   25-Mar-1979 07:43:19    022.00      003.00    1.3600    0.0300    2000.0    0.050
  548   16-Jun-1949 13:19:21    022.00      003.00    1.3600    0.0300    2000.0    0.050
  549   19-Jul-1969 04:31:06    022.00      003.00    1.3600    0.0300    2000.0    0.050
  550   06-Sep-1979 07:02:38    022.00      003.00    1.3600    0.0300    2000.0    0.050
  551   30-Jan-1998 12:31:52    022.00      003.00    1.3600    0.0300    2000.0    0.050
  552   18-Apr-1987 17:59:15    022.00      003.00    1.3600    0.0300    2000.0    0.050
  553   08-May-1989 18:23:45    022.00      003.00    1.3600    0.0300    2000.0    0.050
  554   02-Feb-1988 00:47:00    022.00      003.00    1.3600    0.0300    2000.0    0.050
  555   19-Sep-2004 06:25:40    022.00      003.00    1.3600    0.0300    2000.0    0.050
  556   14-Dec-1960 19:52:12    022.00      003.00    1.3600    0.0300    2000.0    0.050
  557   15-May-1951 07:16:00    022.00      003.00    1.3600    0.0300    2000.0    0.050
  558   31-Jan-2002 10:05:32    022.00      003.00    1.3600    0.0300    2000.0    0.050
  559   28-Jul-2006 18:29:21    022.00      003.00    1.3600    0.0300    2000.0    0.050
  560   12-Nov-1971 23:27:20    022.00      003.00    1.3600    0.0300    2000.0    0.050
  561   26-May-1971 11:33:48    022.00      003.00    1.3600    0.0300    2000.0    0.050
  562   08-Dec-2009 06:48:30    022.00      003.00    1.3600    0.0300    2000.0    0.050
  563   10-Dec-2000 19:36:42    022.00      003.00    1.3600    0.0300    2000.0    0.050
  564   31-Jul-1981 09:30:32    022.00      003.00    1.3600    0.0300    2000.0    0.050
  565   06-Nov-1966 05:59:57    022.00      003.00    1.3600    0.0300    2000.0    0.050
  566   29-Apr-2000 07:10:19    022.00      003.00    1.3600    0.0300    2000.0    0.050
  567   12-Aug-2001 22:22:05    022.00      003.00    1.3600    0.0300    2000.0    0.050
  568   06-Oct-2010 03:31:59    022.00      003.00    1.3600    0.0300    2000.0    0.050
  569   27-Aug-2004 06:47:41    022.00      003.00    1.3600    0.0300    2000.0    0.050
  570   30-Aug-1993 15:03:54    022.00      003.00    1.3600    0.0300    2000.0    0.050
  571   12-Mar-1963 15:42:13    022.00      003.00    1.3600    0.0300    2000.0    0.050
  572   01-Jul-2004 11:01:12    022.00      003.00    1.3600    0.0300    2000.0    0.050
  573   28-Jul-2001 11:09:34    022.00      003.00    1.3600    0.0300    2000.0    0.050
  574   17-Jan-2012 10:31:27    022.00      003.00    1.3600    0.0300    2000.0    0.050
  575   03-Aug-1973 19:07:08    022.00      003.00    1.3600    0.0300    2000.0    0.050
  576   11-Oct-1993 06:40:00    022.00      003.00    1.3600    0.0300    2000.0    0.050
  577   15-Mar-1988 03:05:55    022.00      003.00    1.3600    0.0300    2000.0    0.050
  578   29-May-2009 06:03:54    022.00      003.00    1.3600    0.0300    2000.0    0.050
  579   07-Mar-2011 21:33:16    022.00      003.00    1.3600    0.0300    2000.0    0.050
  580   18-Jul-1991 09:53:38    022.00      003.00    1.3600    0.0300    2000.0    0.050
  581   15-Dec-1951 19:34:32    022.00      003.00    1.3600    0.0300    2000.0    0.050
  582   07-Jul-1997 22:48:54    022.00      003.00    1.3600    0.0300    2000.0    0.050
  583   07-Jan-2008 03:06:12    022.00      003.00    1.3600    0.0300    2000.0    0.050
  584   09-Mar-1974 15:07:03    022.00      003.00    1.3600    0.0300    2000.0    0.050
  585   02-May-1971 04:54:23    022.00      003.00    1.3600    0.0300    2000.0    0.050
  586   02-Sep-1976 22:29:09    022.00      003.00    1.3600    0.0300    2000.0    0.050
  587   27-Nov-1961 00:31:47    022.00      003.00    1.3600    0.0300    2000.0    0.050
  588   28-Sep-1997 05:28:57    022.00      003.00    1.3600    0.0300    2000.0    0.050
  589   15-Jul-1989 18:27:55    022.00      003.00    1.3600    0.0300    2000.0    0.050
  590   17-Dec-2013 14:43:57    022.00      003.00    1.3600    0.0300    2000.0    0.050
  591   03-May-1980 23:27:38    022.00      003.00    1.3600    0.0300    2000.0    0.050
  592   07-Jun-1956 18:18:02    022.00      003.00    1.3600    0.0300    2000.0    0.050
  593   04-Nov-2012 21:44:51    022.00      003.00    1.3600    0.0300    2000.0    0.050
  594   17-Sep-1971 16:37:13    022.00      003.00    1.3600    0.0300    2000.0    0.050
  595   11-Dec-1977 07:16:30    022.00      003.00    1.3600    0.0300    2000.0    0.050
  596   03-Dec-2000 11:18:38    022.00      003.00    1.3600    0.0300    2000.0    0.050
  597   16-Dec-1984 06:40:25    022.00      003.00    1.3600    0.0300    2000.0    0.050
  598   15-Feb-1984 00:39:16    022.00      003.00    1.3600    0.0300    2000.0    0.050
  599   09-Nov-1959 20:45:22    022.00      003.00    1.3600    0.0300    2000.0    0.050
  600   01-Jul-2008 22:10:57    022.00      003.00    1.3600    0.0300    2000.0    0.050
  601   27-Dec-2004 07:33:13    022.00      003.00    1.3600    0.0300    2000.0    0.050
  602   16-Dec-2005 02:28:37    022.00      003.00    1.3600    0.0300    2000.0    0.050
  603   07-Apr-1979 00:54:04    022.00      003.00    1.3600    0.0300    2000.0    0.050
  604   07-Feb-2001 20:47:57    022.00      003.00    1.3600    0.0300    2000.0    0.050
  605   08-Dec-1953 14:39:01    022.00      003.00    1.3600    0.0300    2000.0    0.050
  606   15-Feb-2008 23:25:37    022.00      003.00    1.3600    0.0300    2000.0    0.050
  607   23-Aug-1986 03:04:07    022.00      003.00    1.3600    0.0300    2000.0    0.050
  608   24-Feb-2001 01:54:30    022.00      003.00    1.3600    0.0300    2000.0    0.050
  609   12-Feb-1993 06:52:39    022.00      003.00    1.3600    0.0300    2000.0    0.050
  610   17-Dec-2003 16:30:00    022.00      003.00    1.3600    0.0300    2000.0    0.050
  611   18-Sep-1954 18:34:21    022.00      003.00    1.3600    0.0300    2000.0    0.050
  612   09-Apr-1949 14:49:22    022.00      003.00    1.3600    0.0300    2000.0    0.050
  613   14-Oct-1953 22:51:08    022.00      003.00    1.3600    0.0300    2000.0    0.050
  614   11-May-1991 00:16:20    022.00      003.00    1.3600    0.0300    2000.0    0.050
  615   11-Nov-1964 21:06:35    022.00      003.00    1.3600    0.0300    2000.0    0.050
  616   31-Jan-1980 00:25:56    022.00      003.00    1.3600    0.0300    2000.0    0.050
  617   26-Apr-1996 21:05:35    022.00      003.00    1.3600    0.0300    2000.0    0.050
  618   01-Jan-1979 04:04:04    022.00      003.00    1.3600    0.0300    2000.0    0.050
  619   20-Feb-1974 11:34:21    022.00      003.00    1.3600    0.0300    2000.0    0.050
  620   04-Mar-1991 02:55:30    022.00      003.00    1.3600    0.0300    2000.0    0.050
  621   02-May-1974 15:55:58    022.00      003.00    1.3600    0.0300    2000.0    0.050
  622   04-Jun-1988 05:35:41    022.00      003.00    1.3600    0.0300    2000.0    0.050
  623   22-Apr-1977 10:36:50    022.00      003.00    1.3600    0.0300    2000.0    0.050
  624   09-Dec-2005 13:06:25    022.00      003.00    1.3600    0.0300    2000.0    0.050
  625   01-Feb-1982 23:38:00    022.00      003.00    1.3600    0.0300    2000.0    0.050
  626   30-Jul-1996 06:55:58    022.00      003.00    1.3600    0.0300    2000.0    0.050
  627   15-Nov-1985 15:23:31    022.00      003.00    1.3600    0.0300    2000.0    0.050
  628   25-Apr-1964 20:02:40    022.00      003.00    1.3600    0.0300    2000.0    0.050
  629   07-Jun-1978 03:51:26    022.00      003.00    1.3600    0.0300    2000.0    0.050
  630   26-Apr-1954 07:15:18    022.00      003.00    1.3600    0.0300    2000.0    0.050
  631   20-Aug-1983 23:30:46    022.00      003.00    1.3600    0.0300    2000.0    0.050
  632   13-Nov-1995 21:10:26    022.00      003.00    1.3600    0.0300    2000.0    0.050
  633   11-Jul-2014 10:58:27    022.00      003.00    1.3600    0.0300    2000.0    0.050
  634   07-Oct-1965 05:04:28    022.00      003.00    1.3600    0.0300    2000.0    0.050
  635   26-May-1999 23:20:41    022.00      003.00    1.3600    0.0300    2000.0    0.050
  636   13-Aug-1966 14:08:10    022.00      003.00    1.3600    0.0300    2000.0    0.050
  637   08-Jul-2012 00:57:48    022.00      003.00    1.3600    0.0300    2000.0    0.050
  638   04-Dec-2004 23:22:24    022.00      003.00    1.3600    0.0300    2000.0    0.050
  639   25-Oct-1980 18:29:03    022.00      003.00    1.3600    0.0300    2000.0    0.050
  640   16-Mar-1977 14:57:50    022.00      003.00    1.3600    0.0300    2000.0    0.050
  641   25-Jan-1977 21:13:00    022.00      003.00    1.3600    0.0300    2000.0    0.050
  642   14-Feb-1997 22:35:29    022.00      003.00    1.3600    0.0300    2000.0    0.050
  643   03-Jun-1986 22:52:40    022.00      003.00    1.3600    0.0300    2000.0    0.050
  644   14-Mar-2003 07:45:04    022.00      003.00    1.3600    0.0300    2000.0    0.050
  645   09-Nov-1987 13:55:33    022.00      003.00    1.3600    0.0300    2000.0    0.050
  646   05-Feb-1992 02:25:13    022.00      003.00    1.3600    0.0300    2000.0    0.050
  647   06-Jun-1991 23:55:14    022.00      003.00    1.3600    0.0300    2000.0    0.050
  648   28-Mar-1981 05:54:57    022.00      003.00    1.3600    0.0300    2000.0    0.050
  649   26-Jan-1951 17:17:50    022.00      003.00    1.3600    0.0300    2000.0    0.050
  650   27-Aug-2006 01:50:36    022.00      003.00    1.3600    0.0300    2000.0    0.050
  651   08-Jun-2006 21:28:11    022.00      003.00    1.3600    0.0300    2000.0    0.050
  652   02-Apr-1960 10:27:59    022.00      003.00    1.3600    0.0300    2000.0    0.050
  653   20-Dec-1981 09:08:59    022.00      003.00    1.3600    0.0300    2000.0    0.050
  654   04-Jul-1958 08:25:28    022.00      003.00    1.3600    0.0300    2000.0    0.050
  655   04-Sep-1967 00:16:12    022.00      003.00    1.3600    0.0300    2000.0    0.050
  656   01-Jul-1949 20:58:54    022.00      003.00    1.3600    0.0300    2000.0    0.050
  657   12-Nov-1994 09:28:40    022.00      003.00    1.3600    0.0300    2000.0    0.050
  658   27-Mar-1979 07:36:58    022.00      003.00    1.3600    0.0300    2000.0    0.050
  659   12-Jun-1984 21:27:36    022.00      003.00    1.3600    0.0300    2000.0    0.050
  660   19-Jul-1973 12:11:17    022.00      003.00    1.3600    0.0300    2000.0    0.050
  661   13-Sep-2012 04:28:21    022.00      003.00    1.3600    0.0300    2000.0    0.050
  662   08-Apr-2005 14:54:28    022.00      003.00    1.3600    0.0300    2000.0    0.050
  663   27-Mar-1985 18:52:59    022.00      003.00    1.3600    0.0300    2000.0    0.050
  664   18-May-1991 09:44:28    022.00      003.00    1.3600    0.0300    2000.0    0.050
  665   17-Oct-1981 20:17:22    022.00      003.00    1.3600    0.0300    2000.0    0.050
  666   09-Mar-1996 09:51:23    022.00      003.00    1.3600    0.0300    2000.0    0.050
  667   14-Jul-1958 16:14:18    022.00      003.00    1.3600    0.0300    2000.0    0.050
  668   02-Sep-2008 08:31:40    022.00      003.00    1.3600    0.0300    2000.0    0.050
  669   26-Apr-2013 10:38:11    022.00      003.00    1.3600    0.0300    2000.0    0.050
  670   15-Jan-1981 18:05:02    022.00      003.00    1.3600    0.0300    2000.0    0.050
  671   19-Aug-2001 00:28:56    022.00      003.00    1.3600    0.0300    2000.0    0.050
  672   25-Aug-1951 17:19:08    022.00      003.00    1.3600    0.0300    2000.0    0.050
  673   28-Aug-1953 05:36:34    022.00      003.00    1.3600    0.0300    2000.0    0.050
  674   04-Aug-1995 08:38:52    022.00      003.00    1.3600    0.0300    2000.0    0.050
  675   13-Jun-1996 16:59:52    022.00      003.00    1.3600    0.0300    2000.0    0.050
  676   03-Aug-1983 05:23:04    022.00      003.00    1.3600    0.0300    2000.0    0.050
  677   11-Mar-1976 08:34:44    022.00      003.00    1.3600    0.0300    2000.0    0.050
  678   24-Dec-1977 16:29:35    022.00      003.00    1.3600    0.0300    2000.0    0.050
  679   27-Aug-1970 09:56:33    022.00      003.00    1.3600    0.0300    2000.0    0.050
  680   07-Mar-1967 12:35:19    022.00      003.00    1.3600    0.0300    2000.0    0.050
  681   01-Dec-1977 01:44:28    022.00      003.00    1.3600    0.0300    2000.0    0.050
  682   09-Mar-2010 07:40:45    022.00      003.00    1.3600    0.0300    2000.0    0.050
  683   11-Feb-1982 08:42:55    022.00      003.00    1.3600    0.0300    2000.0    0.050
  684   23-Jun-1981 00:39:43    022.00      003.00    1.3600    0.0300    2000.0    0.050
  685   04-Oct-1966 11:23:48    022.00      003.00    1.3600    0.0300    2000.0    0.050
  686   17-Jul-2003 03:47:34    022.00      003.00    1.3600    0.0300    2000.0    0.050
  687   20-Aug-1966 14:50:26    022.00      003.00    1.3600    0.0300    2000.0    0.050
  688   18-May-1952 01:58:14    022.00      003.00    1.3600    0.0300    2000.0    0.050
  689   10-Mar-1997 09:53:21    022.00      003.00    1.3600    0.0300    2000.0    0.050
  690   26-Feb-1967 07:19:22    022.00      003.00    1.3600    0.0300    2000.0    0.050
  691   29-Mar-2004 21:30:36    022.00      003.00    1.3600    0.0300    2000.0    0.050
  692   06-Nov-1974 02:47:50    022.00      003.00    1.3600    0.0300    2000.0    0.050
  693   30-Jun-1952 03:05:03    022.00      003.00    1.3600    0.0300    2000.0    0.050
  694   10-Aug-1994 06:58:47    022.00      003.00    1.3600    0.0300    2000.0    0.050
  695   21-Aug-1965 08:27:25    022.00      003.00    1.3600    0.0300    2000.0    0.050
  696   20-Jan-1994 22:58:24    022.00      003.00    1.3600    0.0300    2000.0    0.050
  697   14-Jan-1994 01:46:10    022.00      003.00    1.3600    0.0300    2000.0    0.050
  698   05-Dec-1948 14:43:07    022.00      003.00    1.3600    0.0300    2000.0    0.050
  699   11-Feb-2006 07:27:02    022.00      003.00    1.3600    0.0300    2000.0    0.050
  700   28-Mar-2001 19:19:48    022.00      003.00    1.3600    0.0300    2000.0    0.050
  701   09-Jun-1963 20:04:50    022.00      003.00    1.3600    0.0300    2000.0    0.050
  702   29-Nov-1958 13:35:37    022.00      003.00    1.3600    0.0300    2000.0    0.050
  703   14-Mar-1960 04:31:50    022.00      003.00    1.3600    0.0300    2000.0    0.050
  704   30-Sep-2006 00:30:02    022.00      003.00    1.3600    0.0300    2000.0    0.050
  705   22-May-2011 16:28:41    022.00      003.00    1.3600    0.0300    2000.0    0.050
  706   30-May-2004 18:06:11    022.00      003.00    1.3600    0.0300    2000.0    0.050
  707   27-Jul-1959 00:55:54    022.00      003.00    1.3600    0.0300    2000.0    0.050
  708   27-Feb-1965 19:20:12    022.00      003.00    1.3600    0.0300    2000.0    0.050
  709   09-Sep-2012 02:51:28    022.00      003.00    1.3600    0.0300    2000.0    0.050
  710   21-Jul-1985 19:58:18    022.00      003.00    1.3600    0.0300    2000.0    0.050
  711   16-Oct-1980 23:07:07    022.00      003.00    1.3600    0.0300    2000.0    0.050
  712   18-Mar-1977 14:46:26    022.00      003.00    1.3600    0.0300    2000.0    0.050
  713   22-Mar-2010 06:13:06    022.00      003.00    1.3600    0.0300    2000.0    0.050
  714   31-Oct-1978 10:46:02    022.00      003.00    1.3600    0.0300    2000.0    0.050
  715   29-Sep-2010 23:58:44    022.00      003.00    1.3600    0.0300    2000.0    0.050
  716   10-Mar-2012 18:24:44    022.00      003.00    1.3600    0.0300    2000.0    0.050
  717   10-Feb-1960 13:05:07    022.00      003.00    1.3600    0.0300    2000.0    0.050
  718   07-Feb-1997 20:36:52    022.00      003.00    1.3600    0.0300    2000.0    0.050
  719   28-Mar-2007 02:19:57    022.00      003.00    1.3600    0.0300    2000.0    0.050
  720   26-Mar-1983 00:53:02    022.00      003.00    1.3600    0.0300    2000.0    0.050
  721   31-Jan-1991 08:23:11    022.00      003.00    1.3600    0.0300    2000.0    0.050
  722   25-Aug-1955 03:22:22    022.00      003.00    1.3600    0.0300    2000.0    0.050
  723   30-Sep-1979 22:00:23    022.00      003.00    1.3600    0.0300    2000.0    0.050
  724   05-Sep-1991 09:37:48    022.00      003.00    1.3600    0.0300    2000.0    0.050
  725   25-Nov-2002 19:26:55    022.00      003.00    1.3600    0.0300    2000.0    0.050
  726   16-Jul-1977 08:17:59    022.00      003.00    1.3600    0.0300    2000.0    0.050
  727   02-Dec-1995 19:29:21    022.00      003.00    1.3600    0.0300    2000.0    0.050
  728   29-Nov-1952 07:20:16    022.00      003.00    1.3600    0.0300    2000.0    0.050
  729   19-Apr-1980 20:59:06    022.00      003.00    1.3600    0.0300    2000.0    0.050
  730   10-Dec-1992 20:16:30    022.00      003.00    1.3600    0.0300    2000.0    0.050
  731   16-Jan-1952 08:01:51    022.00      003.00    1.3600    0.0300    2000.0    0.050
  732   04-Nov-1995 13:35:09    022.00      003.00    1.3600    0.0300    2000.0    0.050
  733   29-May-1976 23:56:45    022.00      003.00    1.3600    0.0300    2000.0    0.050
  734   15-Jul-1952 23:42:08    022.00      003.00    1.3600    0.0300    2000.0    0.050
  735   23-Sep-1991 07:36:29    022.00      003.00    1.3600    0.0300    2000.0    0.050
  736   03-Oct-1977 01:57:35    022.00      003.00    1.3600    0.0300    2000.0    0.050
  737   12-Nov-1952 22:06:19    022.00      003.00    1.3600    0.0300    2000.0    0.050
  738   05-Oct-1961 23:53:47    022.00      003.00    1.3600    0.0300    2000.0    0.050
  739   27-Feb-1984 14:38:36    022.00      003.00    1.3600    0.0300    2000.0    0.050
  740   14-Sep-1998 16:31:13    022.00      003.00    1.3600    0.0300    2000.0    0.050
  741   28-Aug-1994 13:29:10    022.00      003.00    1.3600    0.0300    2000.0    0.050
  742   01-Oct-2001 16:47:00    022.00      003.00    1.3600    0.0300    2000.0    0.050
  743   05-Jul-2001 19:16:24    022.00      003.00    1.3600    0.0300    2000.0    0.050
  744   26-Aug-1963 15:50:20    022.00      003.00    1.3600    0.0300    2000.0    0.050
  745   06-Jan-2007 16:41:34    022.00      003.00    1.3600    0.0300    2000.0    0.050
  746   01-Feb-1964 20:30:11    022.00      003.00    1.3600    0.0300    2000.0    0.050
  747   22-Aug-1963 05:51:37    022.00      003.00    1.3600    0.0300    2000.0    0.050
  748   10-Apr-1985 19:55:17    022.00      003.00    1.3600    0.0300    2000.0    0.050
  749   27-Feb-1967 02:13:38    022.00      003.00    1.3600    0.0300    2000.0    0.050
  750   14-Mar-1968 06:11:19    022.00      003.00    1.3600    0.0300    2000.0    0.050
  751   14-Aug-1958 16:03:33    022.00      003.00    1.3600    0.0300    2000.0    0.050
  752   28-Jan-1973 17:27:37    022.00      003.00    1.3600    0.0300    2000.0    0.050
  753   19-Feb-1989 03:39:22    022.00      003.00    1.3600    0.0300    2000.0    0.050
  754   14-Mar-2004 09:01:22    022.00      003.00    1.3600    0.0300    2000.0    0.050
  755   29-Aug-1978 07:27:28    022.00      003.00    1.3600    0.0300    2000.0    0.050
  756   09-Jul-1986 01:36:00    022.00      003.00    1.3600    0.0300    2000.0    0.050
  757   31-Jul-1968 07:43:33    022.00      003.00    1.3600    0.0300    2000.0    0.050
  758   28-Jan-1982 09:15:41    022.00      003.00    1.3600    0.0300    2000.0    0.050
  759   04-Jun-2014 07:52:24    022.00      003.00    1.3600    0.0300    2000.0    0.050
  760   03-Feb-1948 01:34:46    022.00      003.00    1.3600    0.0300    2000.0    0.050
  761   13-Sep-2006 12:46:43    022.00      003.00    1.3600    0.0300    2000.0    0.050
  762   22-Jun-1969 09:08:39    022.00      003.00    1.3600    0.0300    2000.0    0.050
  763   24-Oct-1972 19:18:05    022.00      003.00    1.3600    0.0300    2000.0    0.050
  764   22-Sep-1993 17:20:29    022.00      003.00    1.3600    0.0300    2000.0    0.050
  765   19-Oct-2006 00:41:03    022.00      003.00    1.3600    0.0300    2000.0    0.050
  766   12-Mar-1955 02:42:16    022.00      003.00    1.3600    0.0300    2000.0    0.050
  767   09-Apr-2009 17:04:31    022.00      003.00    1.3600    0.0300    2000.0    0.050
  768   21-Jun-1966 07:15:43    022.00      003.00    1.3600    0.0300    2000.0    0.050
  769   17-Jul-1996 06:27:00    022.00      003.00    1.3600    0.0300    2000.0    0.050
  770   12-Aug-1987 14:30:09    022.00      003.00    1.3600    0.0300    2000.0    0.050
  771   12-Mar-1950 08:06:21    022.00      003.00    1.3600    0.0300    2000.0    0.050
  772   06-Jun-1980 09:44:48    022.00      003.00    1.3600    0.0300    2000.0    0.050
  773   03-Feb-1963 10:44:54    022.00      003.00    1.3600    0.0300    2000.0    0.050
  774   07-Mar-1968 17:47:30    022.00      003.00    1.3600    0.0300    2000.0    0.050
  775   14-Aug-1957 11:23:43    022.00      003.00    1.3600    0.0300    2000.0    0.050
  776   11-Aug-2012 22:32:54    022.00      003.00    1.3600    0.0300    2000.0    0.050
  777   13-Nov-1986 01:31:57    022.00      003.00    1.3600    0.0300    2000.0    0.050
  778   27-Apr-2010 10:36:32    022.00      003.00    1.3600    0.0300    2000.0    0.050
  779   23-Oct-1987 07:51:08    022.00      003.00    1.3600    0.0300    2000.0    0.050
  780   03-Apr-2000 07:42:51    022.00      003.00    1.3600    0.0300    2000.0    0.050
  781   29-Mar-1967 17:12:31    022.00      003.00    1.3600    0.0300    2000.0    0.050
  782   02-Jan-1982 10:59:04    022.00      003.00    1.3600    0.0300    2000.0    0.050
  783   10-Jul-2013 23:41:58    022.00      003.00    1.3600    0.0300    2000.0    0.050
  784   10-Nov-1984 12:18:36    022.00      003.00    1.3600    0.0300    2000.0    0.050
  785   12-Feb-1951 18:27:54    022.00      003.00    1.3600    0.0300    2000.0    0.050
  786   09-Oct-1994 10:41:27    022.00      003.00    1.3600    0.0300    2000.0    0.050
  787   03-Nov-1957 11:41:12    022.00      003.00    1.3600    0.0300    2000.0    0.050
  788   14-Dec-1985 18:46:10    022.00      003.00    1.3600    0.0300    2000.0    0.050
  789   17-Apr-2000 16:57:03    022.00      003.00    1.3600    0.0300    2000.0    0.050
  790   28-Apr-1956 05:11:45    022.00      003.00    1.3600    0.0300    2000.0    0.050
  791   25-Aug-1964 11:52:24    022.00      003.00    1.3600    0.0300    2000.0    0.050
  792   04-May-1987 19:53:39    022.00      003.00    1.3600    0.0300    2000.0    0.050
  793   02-Apr-1956 01:20:17    022.00      003.00    1.3600    0.0300    2000.0    0.050
  794   21-Jan-1970 20:18:28    022.00      003.00    1.3600    0.0300    2000.0    0.050
  795   23-Feb-1965 17:40:39    022.00      003.00    1.3600    0.0300    2000.0    0.050
  796   02-Apr-2006 16:51:27    022.00      003.00    1.3600    0.0300    2000.0    0.050
  797   16-Nov-1966 03:13:51    022.00      003.00    1.3600    0.0300    2000.0    0.050
  798   04-Nov-1961 06:15:36    022.00      003.00    1.3600    0.0300    2000.0    0.050
  799   24-Feb-1958 18:54:34    022.00      003.00    1.3600    0.0300    2000.0    0.050
  800   28-Jan-1983 10:23:33    022.00      003.00    1.3600    0.0300    2000.0    0.050
  801   15-Jan-1962 06:24:54    022.00      003.00    1.3600    0.0300    2000.0    0.050
  802   01-Aug-1993 02:17:41    022.00      003.00    1.3600    0.0300    2000.0    0.050
  803   30-Jul-1990 12:46:26    022.00      003.00    1.3600    0.0300    2000.0    0.050
  804   14-Jul-1977 05:11:51    022.00      003.00    1.3600    0.0300    2000.0    0.050
  805   20-Nov-1954 04:45:38    022.00      003.00    1.3600    0.0300    2000.0    0.050
  806   26-Mar-1949 07:14:52    022.00      003.00    1.3600    0.0300    2000.0    0.050
  807   13-Aug-1986 14:20:34    022.00      003.00    1.3600    0.0300    2000.0    0.050
  808   30-Apr-1996 08:22:35    022.00      003.00    1.3600    0.0300    2000.0    0.050
  809   15-Nov-1948 18:58:06    022.00      003.00    1.3600    0.0300    2000.0    0.050
  810   21-Aug-2002 07:15:17    022.00      003.00    1.3600    0.0300    2000.0    0.050
  811   16-Apr-1967 15:09:32    022.00      003.00    1.3600    0.0300    2000.0    0.050
  812   08-Jul-1963 06:49:54    022.00      003.00    1.3600    0.0300    2000.0    0.050
  813   17-Aug-1958 06:42:03    022.00      003.00    1.3600    0.0300    2000.0    0.050
  814   07-Sep-1961 19:43:57    022.00      003.00    1.3600    0.0300    2000.0    0.050
  815   05-Oct-1960 10:42:31    022.00      003.00    1.3600    0.0300    2000.0    0.050
  816   10-Nov-1962 12:09:10    022.00      003.00    1.3600    0.0300    2000.0    0.050
  817   31-Mar-1951 19:45:54    022.00      003.00    1.3600    0.0300    2000.0    0.050
  818   25-Sep-2004 07:45:45    022.00      003.00    1.3600    0.0300    2000.0    0.050
  819   21-Oct-1975 15:26:53    022.00      003.00    1.3600    0.0300    2000.0    0.050
  820   09-Dec-1967 09:47:16    022.00      003.00    1.3600    0.0300    2000.0    0.050
  821   18-Nov-2001 19:28:13    022.00      003.00    1.3600    0.0300    2000.0    0.050
  822   14-Jul-1998 14:08:39    022.00      003.00    1.3600    0.0300    2000.0    0.050
  823   15-Apr-1984 02:35:17    022.00      003.00    1.3600    0.0300    2000.0    0.050
  824   28-Aug-1966 02:05:38    022.00      003.00    1.3600    0.0300    2000.0    0.050
  825   22-Mar-1950 16:26:39    022.00      003.00    1.3600    0.0300    2000.0    0.050
  826   10-Jun-1971 11:36:33    022.00      003.00    1.3600    0.0300    2000.0    0.050
  827   14-Jun-1956 23:53:46    022.00      003.00    1.3600    0.0300    2000.0    0.050
  828   16-Mar-1994 02:10:05    022.00      003.00    1.3600    0.0300    2000.0    0.050
  829   06-Mar-2011 19:23:07    022.00      003.00    1.3600    0.0300    2000.0    0.050
  830   18-May-1995 23:51:52    022.00      003.00    1.3600    0.0300    2000.0    0.050
  831   22-Aug-1951 10:09:41    022.00      003.00    1.3600    0.0300    2000.0    0.050
  832   31-Aug-1999 11:30:27    022.00      003.00    1.3600    0.0300    2000.0    0.050
  833   23-Oct-1987 18:42:34    022.00      003.00    1.3600    0.0300    2000.0    0.050
  834   06-Dec-2005 09:50:58    022.00      003.00    1.3600    0.0300    2000.0    0.050
  835   16-May-1988 04:54:31    022.00      003.00    1.3600    0.0300    2000.0    0.050
  836   09-May-2002 06:47:42    022.00      003.00    1.3600    0.0300    2000.0    0.050
  837   03-Oct-2012 04:40:13    022.00      003.00    1.3600    0.0300    2000.0    0.050
  838   28-Dec-1955 02:59:54    022.00      003.00    1.3600    0.0300    2000.0    0.050
  839   28-Jan-1963 13:03:34    022.00      003.00    1.3600    0.0300    2000.0    0.050
  840   28-Feb-1960 20:53:15    022.00      003.00    1.3600    0.0300    2000.0    0.050
  841   24-Apr-1949 05:25:10    022.00      003.00    1.3600    0.0300    2000.0    0.050
  842   21-Nov-2013 07:19:00    022.00      003.00    1.3600    0.0300    2000.0    0.050
  843   10-Oct-2005 23:26:39    022.00      003.00    1.3600    0.0300    2000.0    0.050
  844   10-Apr-2000 07:21:59    022.00      003.00    1.3600    0.0300    2000.0    0.050
  845   13-Jul-1976 18:52:20    022.00      003.00    1.3600    0.0300    2000.0    0.050
  846   24-Apr-1991 09:10:24    022.00      003.00    1.3600    0.0300    2000.0    0.050
  847   03-Jul-1981 19:32:14    022.00      003.00    1.3600    0.0300    2000.0    0.050
  848   22-May-1996 22:59:55    022.00      003.00    1.3600    0.0300    2000.0    0.050
  849   23-Feb-1977 21:15:41    022.00      003.00    1.3600    0.0300    2000.0    0.050
  850   11-Apr-1964 11:50:10    022.00      003.00    1.3600    0.0300    2000.0    0.050
  851   14-Jun-1976 19:07:45    022.00      003.00    1.3600    0.0300    2000.0    0.050
  852   19-Nov-1956 18:53:36    022.00      003.00    1.3600    0.0300    2000.0    0.050
  853   05-Oct-2007 18:03:43    022.00      003.00    1.3600    0.0300    2000.0    0.050
  854   06-Mar-1951 05:19:42    022.00      003.00    1.3600    0.0300    2000.0    0.050
  855   06-Oct-1962 18:20:22    022.00      003.00    1.3600    0.0300    2000.0    0.050
  856   05-Jan-1985 06:42:41    022.00      003.00    1.3600    0.0300    2000.0    0.050
  857   30-Oct-1989 18:48:53    022.00      003.00    1.3600    0.0300    2000.0    0.050
  858   02-Oct-1948 14:02:04    022.00      003.00    1.3600    0.0300    2000.0    0.050
  859   31-Jul-1985 01:46:34    022.00      003.00    1.3600    0.0300    2000.0    0.050
  860   20-Dec-1957 19:46:19    022.00      003.00    1.3600    0.0300    2000.0    0.050
  861   04-Sep-2008 07:30:40    022.00      003.00    1.3600    0.0300    2000.0    0.050
  862   30-Apr-2002 22:09:03    022.00      003.00    1.3600    0.0300    2000.0    0.050
  863   08-Feb-1950 00:37:19    022.00      003.00    1.3600    0.0300    2000.0    0.050
  864   20-Apr-1959 18:29:12    022.00      003.00    1.3600    0.0300    2000.0    0.050
  865   15-Dec-1953 15:36:07    022.00      003.00    1.3600    0.0300    2000.0    0.050
  866   20-Oct-2014 20:54:25    022.00      003.00    1.3600    0.0300    2000.0    0.050
  867   30-Apr-1969 11:26:47    022.00      003.00    1.3600    0.0300    2000.0    0.050
  868   18-Jan-2006 11:34:30    022.00      003.00    1.3600    0.0300    2000.0    0.050
  869   18-Feb-1951 12:17:21    022.00      003.00    1.3600    0.0300    2000.0    0.050
  870   01-May-2014 05:52:40    022.00      003.00    1.3600    0.0300    2000.0    0.050
  871   18-Jan-1956 02:26:22    022.00      003.00    1.3600    0.0300    2000.0    0.050
  872   10-Jul-1982 10:15:24    022.00      003.00    1.3600    0.0300    2000.0    0.050
  873   11-May-1972 08:45:51    022.00      003.00    1.3600    0.0300    2000.0    0.050
  874   27-Mar-1975 23:46:17    022.00      003.00    1.3600    0.0300    2000.0    0.050
  875   15-Nov-2012 23:32:32    022.00      003.00    1.3600    0.0300    2000.0    0.050
  876   17-Nov-2012 01:02:21    022.00      003.00    1.3600    0.0300    2000.0    0.050
  877   28-Aug-1978 06:34:55    022.00      003.00    1.3600    0.0300    2000.0    0.050
  878   09-Feb-1965 04:01:55    022.00      003.00    1.3600    0.0300    2000.0    0.050
  879   09-May-1982 19:02:00    022.00      003.00    1.3600    0.0300    2000.0    0.050
  880   23-Feb-1985 11:04:15    022.00      003.00    1.3600    0.0300    2000.0    0.050
  881   28-Oct-1967 02:05:16    022.00      003.00    1.3600    0.0300    2000.0    0.050
  882   03-Sep-1994 18:30:44    022.00      003.00    1.3600    0.0300    2000.0    0.050
  883   29-Jun-1953 07:01:04    022.00      003.00    1.3600    0.0300    2000.0    0.050
  884   27-Feb-1997 23:08:26    022.00      003.00    1.3600    0.0300    2000.0    0.050
  885   21-Nov-1979 11:23:29    022.00      003.00    1.3600    0.0300    2000.0    0.050
  886   16-Sep-2006 09:30:51    022.00      003.00    1.3600    0.0300    2000.0    0.050
  887   07-Dec-2012 17:57:17    022.00      003.00    1.3600    0.0300    2000.0    0.050
  888   05-Mar-1969 00:20:41    022.00      003.00    1.3600    0.0300    2000.0    0.050
  889   22-Feb-1954 20:17:04    022.00      003.00    1.3600    0.0300    2000.0    0.050
  890   20-Sep-1971 20:22:36    022.00      003.00    1.3600    0.0300    2000.0    0.050
  891   11-Sep-1974 08:26:24    022.00      003.00    1.3600    0.0300    2000.0    0.050
  892   21-Nov-1989 07:15:09    022.00      003.00    1.3600    0.0300    2000.0    0.050
  893   07-Nov-1980 10:46:06    022.00      003.00    1.3600    0.0300    2000.0    0.050
  894   10-Jul-1953 06:23:11    022.00      003.00    1.3600    0.0300    2000.0    0.050
  895   20-Jun-1973 11:03:24    022.00      003.00    1.3600    0.0300    2000.0    0.050
  896   28-Feb-1964 21:48:02    022.00      003.00    1.3600    0.0300    2000.0    0.050
  897   14-Jul-1956 06:46:02    022.00      003.00    1.3600    0.0300    2000.0    0.050
  898   26-Jul-2011 10:40:33    022.00      003.00    1.3600    0.0300    2000.0    0.050
  899   16-Jan-1981 23:43:07    022.00      003.00    1.3600    0.0300    2000.0    0.050
  900   07-Mar-2009 12:07:00    022.00      003.00    1.3600    0.0300    2000.0    0.050
  901   29-Mar-1979 19:45:43    022.00      003.00    1.3600    0.0300    2000.0    0.050
  902   05-Sep-1998 14:10:14    022.00      003.00    1.3600    0.0300    2000.0    0.050
  903   12-Jan-2007 05:04:15    022.00      003.00    1.3600    0.0300    2000.0    0.050
  904   05-Jan-1976 03:40:34    022.00      003.00    1.3600    0.0300    2000.0    0.050
  905   09-Dec-1999 09:51:10    022.00      003.00    1.3600    0.0300    2000.0    0.050
  906   12-Oct-2010 05:50:08    022.00      003.00    1.3600    0.0300    2000.0    0.050
  907   15-Oct-1966 17:55:31    022.00      003.00    1.3600    0.0300    2000.0    0.050
  908   04-Jun-1958 16:11:30    022.00      003.00    1.3600    0.0300    2000.0    0.050
  909   26-Jan-1978 23:31:57    022.00      003.00    1.3600    0.0300    2000.0    0.050
  910   07-Mar-2002 19:35:50    022.00      003.00    1.3600    0.0300    2000.0    0.050
  911   07-Mar-1981 22:25:16    022.00      003.00    1.3600    0.0300    2000.0    0.050
  912   27-May-1959 04:29:28    022.00      003.00    1.3600    0.0300    2000.0    0.050
  913   17-Jul-2007 00:09:34    022.00      003.00    1.3600    0.0300    2000.0    0.050
  914   08-Jan-1974 10:49:48    022.00      003.00    1.3600    0.0300    2000.0    0.050
  915   14-Jan-2002 00:52:25    022.00      003.00    1.3600    0.0300    2000.0    0.050
  916   18-Aug-1978 17:47:34    022.00      003.00    1.3600    0.0300    2000.0    0.050
  917   05-Sep-1991 02:39:09    022.00      003.00    1.3600    0.0300    2000.0    0.050
  918   16-Aug-1965 18:07:13    022.00      003.00    1.3600    0.0300    2000.0    0.050
  919   13-Mar-1970 00:48:08    022.00      003.00    1.3600    0.0300    2000.0    0.050
  920   10-Jan-1950 23:51:07    022.00      003.00    1.3600    0.0300    2000.0    0.050
  921   26-Sep-1954 14:02:13    022.00      003.00    1.3600    0.0300    2000.0    0.050
  922   29-Apr-1970 03:01:09    022.00      003.00    1.3600    0.0300    2000.0    0.050
  923   11-Aug-2014 11:01:37    022.00      003.00    1.3600    0.0300    2000.0    0.050
  924   16-Jan-1992 11:16:14    022.00      003.00    1.3600    0.0300    2000.0    0.050
  925   10-Nov-1979 06:53:49    022.00      003.00    1.3600    0.0300    2000.0    0.050
  926   12-Jun-2005 12:21:21    022.00      003.00    1.3600    0.0300    2000.0    0.050
  927   09-Jul-1963 16:27:45    022.00      003.00    1.3600    0.0300    2000.0    0.050
  928   29-Mar-1998 15:01:24    022.00      003.00    1.3600    0.0300    2000.0    0.050
  929   19-May-2011 17:10:09    022.00      003.00    1.3600    0.0300    2000.0    0.050
  930   09-Jul-1970 12:53:30    022.00      003.00    1.3600    0.0300    2000.0    0.050
  931   13-Sep-2008 20:27:39    022.00      003.00    1.3600    0.0300    2000.0    0.050
  932   01-Apr-2014 18:17:02    022.00      003.00    1.3600    0.0300    2000.0    0.050
  933   23-Jan-2010 21:11:35    022.00      003.00    1.3600    0.0300    2000.0    0.050
  934   15-Aug-1958 14:00:22    022.00      003.00    1.3600    0.0300    2000.0    0.050
  935   26-Jun-2002 11:50:04    022.00      003.00    1.3600    0.0300    2000.0    0.050
  936   05-May-1952 23:10:11    022.00      003.00    1.3600    0.0300    2000.0    0.050
  937   16-Dec-1983 19:35:31    022.00      003.00    1.3600    0.0300    2000.0    0.050
  938   22-Sep-1973 07:01:03    022.00      003.00    1.3600    0.0300    2000.0    0.050
  939   11-Apr-1955 18:53:24    022.00      003.00    1.3600    0.0300    2000.0    0.050
  940   05-Jan-1994 18:09:46    022.00      003.00    1.3600    0.0300    2000.0    0.050
  941   06-Jul-1976 12:24:28    022.00      003.00    1.3600    0.0300    2000.0    0.050
  942   03-Sep-1957 07:22:38    022.00      003.00    1.3600    0.0300    2000.0    0.050
  943   30-Dec-2002 17:16:22    022.00      003.00    1.3600    0.0300    2000.0    0.050
  944   17-May-1967 21:54:57    022.00      003.00    1.3600    0.0300    2000.0    0.050
  945   01-Sep-2006 06:25:42    022.00      003.00    1.3600    0.0300    2000.0    0.050
  946   28-Mar-1972 19:15:50    022.00      003.00    1.3600    0.0300    2000.0    0.050
  947   07-Dec-1965 14:12:17    022.00      003.00    1.3600    0.0300    2000.0    0.050
  948   19-Nov-1991 14:02:44    022.00      003.00    1.3600    0.0300    2000.0    0.050
  949   25-May-2012 21:22:20    022.00      003.00    1.3600    0.0300    2000.0    0.050
  950   01-Apr-2013 22:41:03    022.00      003.00    1.3600    0.0300    2000.0    0.050
  951   29-Apr-1987 21:28:15    022.00      003.00    1.3600    0.0300    2000.0    0.050
  952   19-Sep-1966 22:55:47    022.00      003.00    1.3600    0.0300    2000.0    0.050
  953   03-Jun-2009 17:01:14    022.00      003.00    1.3600    0.0300    2000.0    0.050
  954   29-Nov-1975 01:32:25    022.00      003.00    1.3600    0.0300    2000.0    0.050
  955   29-Dec-2011 13:37:13    022.00      003.00    1.3600    0.0300    2000.0    0.050
  956   01-Apr-1991 17:30:41    022.00      003.00    1.3600    0.0300    2000.0    0.050
  957   03-Jan-1995 09:28:34    022.00      003.00    1.3600    0.0300    2000.0    0.050
  958   07-Nov-1992 02:00:26    022.00      003.00    1.3600    0.0300    2000.0    0.050
  959   27-Jun-1954 23:26:55    022.00      003.00    1.3600    0.0300    2000.0    0.050
  960   07-Aug-1994 09:43:51    022.00      003.00    1.3600    0.0300    2000.0    0.050
  961   21-Oct-1999 09:10:44    022.00      003.00    1.3600    0.0300    2000.0    0.050
  962   20-Dec-1977 10:24:32    022.00      003.00    1.3600    0.0300    2000.0    0.050
  963   02-Feb-1972 12:56:30    022.00      003.00    1.3600    0.0300    2000.0    0.050
  964   19-Nov-2001 02:20:42    022.00      003.00    1.3600    0.0300    2000.0    0.050
  965   17-Jun-2006 02:55:42    022.00      003.00    1.3600    0.0300    2000.0    0.050
  966   19-May-1959 02:05:28    022.00      003.00    1.3600    0.0300    2000.0    0.050
  967   25-Nov-1981 03:42:05    022.00      003.00    1.3600    0.0300    2000.0    0.050
  968   18-Feb-1958 07:56:42    022.00      003.00    1.3600    0.0300    2000.0    0.050
  969   01-Nov-1987 20:12:06    022.00      003.00    1.3600    0.0300    2000.0    0.050
  970   18-Mar-1986 04:36:25    022.00      003.00    1.3600    0.0300    2000.0    0.050
  971   25-Apr-1976 03:08:21    022.00      003.00    1.3600    0.0300    2000.0    0.050
  972   19-Aug-2002 07:05:02    022.00      003.00    1.3600    0.0300    2000.0    0.050
  973   03-Aug-1964 14:07:06    022.00      003.00    1.3600    0.0300    2000.0    0.050
  974   24-Sep-1956 23:54:55    022.00      003.00    1.3600    0.0300    2000.0    0.050
  975   06-Oct-2000 18:07:39    022.00      003.00    1.3600    0.0300    2000.0    0.050
  976   05-Aug-1997 14:32:58    022.00      003.00    1.3600    0.0300    2000.0    0.050
  977   23-Sep-1956 21:56:09    022.00      003.00    1.3600    0.0300    2000.0    0.050
  978   14-May-1964 09:21:50    022.00      003.00    1.3600    0.0300    2000.0    0.050
  979   31-Dec-1961 03:16:14    022.00      003.00    1.3600    0.0300    2000.0    0.050
  980   12-Dec-1948 19:13:48    022.00      003.00    1.3600    0.0300    2000.0    0.050
  981   27-Apr-1962 08:19:55    022.00      003.00    1.3600    0.0300    2000.0    0.050
  982   13-Jul-1951 21:26:54    022.00      003.00    1.3600    0.0300    2000.0    0.050
  983   04-Mar-2006 18:20:06    022.00      003.00    1.3600    0.0300    2000.0    0.050
  984   09-Sep-2007 20:29:29    022.00      003.00    1.3600    0.0300    2000.0    0.050
  985   12-Jul-1975 14:31:35    022.00      003.00    1.3600    0.0300    2000.0    0.050
  986   12-Jan-1988 00:14:19    022.00      003.00    1.3600    0.0300    2000.0    0.050
  987   26-May-1948 18:00:10    022.00      003.00    1.3600    0.0300    2000.0    0.050
  988   05-Dec-1966 19:51:45    022.00      003.00    1.3600    0.0300    2000.0    0.050
  989   04-Aug-1957 03:54:00    022.00      003.00    1.3600    0.0300    2000.0    0.050
  990   25-Nov-1980 07:53:11    022.00      003.00    1.3600    0.0300    2000.0    0.050
  991   06-Feb-1991 22:27:45    022.00      003.00    1.3600    0.0300    2000.0    0.050
  992   13-Jun-1962 11:09:54    022.00      003.00    1.3600    0.0300    2000.0    0.050
  993   13-Oct-2009 20:12:35    022.00      003.00    1.3600    0.0300    2000.0    0.050
  994   18-Apr-1999 11:12:57    022.00      003.00    1.3600    0.0300    2000.0    0.050
  995   05-Aug-2011 03:39:32    022.00      003.00    1.3600    0.0300    2000.0    0.050
  996   09-Oct-1993 11:55:47    022.00      003.00    1.3600    0.0300    2000.0    0.050
  997   12-Jan-1962 02:39:30    022.00      003.00    1.3600    0.0300    2000.0    0.050
  998   25-Sep-1998 12:07:08    022.00      003.00    1.3600    0.0300    2000.0    0.050
  999   13-Nov-1954 18:35:56    022.00      003.00    1.3600    0.0300    2000.0    0.050
 1000   28-Mar-1959 15:53:17    022.00      003.00    1.3600    0.0300    2000.0    0.050
