                                                                       Ice core locations
                                  NGRIP2      GISP2       RECAP       Tunu2022    H. Tausen   NEEM        DYE3        Ak Nauk     Mt. Logan
         longitude                317.7       321.3       333.3       326.1       322.0       308.9       316.2       94.8        219.5
         latitude                 75.1        72.6        71.3        78.0        82.5        77.5        65.2        80.6        60.6
Run #    Start date                                                      mass load, g/m2
00001    1968-01-01T00:00:00Z     0.13304     0.04602     0.18113     0.04606     0.00000     0.00396     0.14702     0.00000     0.13542
00002    1995-01-01T00:00:00Z     0.00000     0.00000     0.00000     0.00000     0.00000     0.00000     0.00000     0.00000     0.00000
00003    2010-01-01T00:00:00Z     0.00000     0.00000     0.00000     0.00000     0.00000     0.00000     0.00000     0.00000     0.02418
00004    1999-01-01T00:00:00Z     0.00000     0.00000     0.00000     0.00000     0.00000     0.00000     0.00000     0.00000     0.00000
00005    1962-01-01T00:00:00Z     0.00000     0.00000     0.00000     0.00000     0.00000     0.00000     0.00000     0.00000     0.01597
